service_id,date,exception_type
20300,20220418,2
20300,20230101,2
20300,20230216,2
20300,20220501,2
20300,20220624,2
20300,20220706,2
20300,20220815,2
20300,20221101,2
20300,20221102,2
20300,20221224,2
20300,20221225,2
20300,20221226,2
20301,20220418,2
20301,20230101,2
20301,20230216,2
20301,20220501,2
20301,20220624,2
20301,20220706,2
20301,20220815,2
20301,20221101,2
20301,20221102,2
20301,20221224,2
20301,20221225,2
20301,20221226,2
20302,20220418,1
20302,20230101,1
20302,20230216,1
20302,20220501,1
20302,20220624,1
20302,20220706,1
20302,20220815,1
20302,20221101,1
20302,20221102,1
20302,20221224,1
20302,20221225,1
20302,20221226,1
20162,20220418,2
20162,20230101,2
20162,20230216,2
20162,20220501,2
20162,20220624,2
20162,20220706,2
20162,20220815,2
20162,20221101,2
20162,20221102,2
20162,20221224,2
20162,20221225,2
20162,20221226,2
20163,20220418,2
20163,20230101,2
20163,20230216,2
20163,20220501,2
20163,20220624,2
20163,20220706,2
20163,20220815,2
20163,20221101,2
20163,20221102,2
20163,20221224,2
20163,20221225,2
20163,20221226,2
20164,20220418,1
20164,20230101,1
20164,20230216,1
20164,20220501,1
20164,20220624,1
20164,20220706,1
20164,20220815,1
20164,20221101,1
20164,20221102,1
20164,20221224,1
20164,20221225,1
20164,20221226,1
19942,20220418,2
19942,20230101,2
19942,20230216,2
19942,20220501,2
19942,20220624,2
19942,20220706,2
19942,20220815,2
19942,20221101,2
19942,20221102,2
19942,20221224,2
19942,20221225,2
19942,20221226,2
19943,20220418,2
19943,20230101,2
19943,20230216,2
19943,20220501,2
19943,20220624,2
19943,20220706,2
19943,20220815,2
19943,20221101,2
19943,20221102,2
19943,20221224,2
19943,20221225,2
19943,20221226,2
19602,20220418,2
19602,20230101,2
19602,20230216,2
19602,20220501,2
19602,20220624,2
19602,20220706,2
19602,20220815,2
19602,20221101,2
19602,20221102,2
19602,20221224,2
19602,20221225,2
19602,20221226,2
19603,20220418,1
19603,20230101,1
19603,20230216,1
19603,20220501,1
19603,20220624,1
19603,20220706,1
19603,20220815,1
19603,20221101,1
19603,20221102,1
19603,20221224,1
19603,20221225,1
19603,20221226,1
20288,20220418,2
20288,20230101,2
20288,20230216,2
20288,20220501,2
20288,20220624,2
20288,20220706,2
20288,20220815,2
20288,20221101,2
20288,20221102,2
20288,20221224,2
20288,20221225,2
20288,20221226,2
20165,20220418,2
20165,20230101,2
20165,20230216,2
20165,20220501,2
20165,20220624,2
20165,20220706,2
20165,20220815,2
20165,20221101,2
20165,20221102,2
20165,20221224,2
20165,20221225,2
20165,20221226,2
20289,20220418,1
20289,20230101,1
20289,20230216,1
20289,20220501,1
20289,20220624,1
20289,20220706,1
20289,20220815,1
20289,20221101,1
20289,20221102,1
20289,20221224,1
20289,20221225,1
20289,20221226,1
19637,20220418,2
19637,20230101,2
19637,20230216,2
19637,20220501,2
19637,20220624,2
19637,20220706,2
19637,20220815,2
19637,20221101,2
19637,20221102,2
19637,20221224,2
19637,20221225,2
19637,20221226,2
18924,20220418,2
18924,20230101,2
18924,20230216,2
18924,20220501,2
18924,20220624,2
18924,20220706,2
18924,20220815,2
18924,20221101,2
18924,20221102,2
18924,20221224,2
18924,20221225,2
18924,20221226,2
18925,20220418,1
18925,20230101,1
18925,20230216,1
18925,20220501,1
18925,20220624,1
18925,20220706,1
18925,20220815,1
18925,20221101,1
18925,20221102,1
18925,20221224,1
18925,20221225,1
18925,20221226,1
20378,20220418,2
20378,20230101,2
20378,20230216,2
20378,20220501,2
20378,20220624,2
20378,20220706,2
20378,20220815,2
20378,20221101,2
20378,20221102,2
20378,20221224,2
20378,20221225,2
20378,20221226,2
20379,20220418,1
20379,20230101,1
20379,20230216,1
20379,20220501,1
20379,20220624,1
20379,20220706,1
20379,20220815,1
20379,20221101,1
20379,20221102,1
20379,20221224,1
20379,20221225,1
20379,20221226,1
20386,20220418,2
20386,20230101,2
20386,20230216,2
20386,20220501,2
20386,20220624,2
20386,20220706,2
20386,20220815,2
20386,20221101,2
20386,20221102,2
20386,20221224,2
20386,20221225,2
20386,20221226,2
18927,20220418,1
18927,20230101,1
18927,20230216,1
18927,20220501,1
18927,20220624,1
18927,20220706,1
18927,20220815,1
18927,20221101,1
18927,20221102,1
18927,20221224,1
18927,20221225,1
18927,20221226,1
20313,20220418,2
20313,20230101,2
20313,20230216,2
20313,20220501,2
20313,20220624,2
20313,20220706,2
20313,20220815,2
20313,20221101,2
20313,20221102,2
20313,20221224,2
20313,20221225,2
20313,20221226,2
19855,20220418,2
19855,20230101,2
19855,20230216,2
19855,20220501,2
19855,20220624,2
19855,20220706,2
19855,20220815,2
19855,20221101,2
19855,20221102,2
19855,20221224,2
19855,20221225,2
19855,20221226,2
19856,20220418,1
19856,20230101,1
19856,20230216,1
19856,20220501,1
19856,20220624,1
19856,20220706,1
19856,20220815,1
19856,20221101,1
19856,20221102,1
19856,20221224,1
19856,20221225,1
19856,20221226,1
20291,20220418,2
20291,20230101,2
20291,20230216,2
20291,20220501,2
20291,20220624,2
20291,20220706,2
20291,20220815,2
20291,20221101,2
20291,20221102,2
20291,20221224,2
20291,20221225,2
20291,20221226,2
20097,20220418,2
20097,20230101,2
20097,20230216,2
20097,20220501,2
20097,20220624,2
20097,20220706,2
20097,20220815,2
20097,20221101,2
20097,20221102,2
20097,20221224,2
20097,20221225,2
20097,20221226,2
20098,20220418,1
20098,20230101,1
20098,20230216,1
20098,20220501,1
20098,20220624,1
20098,20220706,1
20098,20220815,1
20098,20221101,1
20098,20221102,1
20098,20221224,1
20098,20221225,1
20098,20221226,1
20380,20220418,2
20380,20230101,2
20380,20230216,2
20380,20220501,2
20380,20220624,2
20380,20220706,2
20380,20220815,2
20380,20221101,2
20380,20221102,2
20380,20221224,2
20380,20221225,2
20380,20221226,2
20381,20220418,1
20381,20230101,1
20381,20230216,1
20381,20220501,1
20381,20220624,1
20381,20220706,1
20381,20220815,1
20381,20221101,1
20381,20221102,1
20381,20221224,1
20381,20221225,1
20381,20221226,1
20387,20220418,2
20387,20230101,2
20387,20230216,2
20387,20220501,2
20387,20220624,2
20387,20220706,2
20387,20220815,2
20387,20221101,2
20387,20221102,2
20387,20221224,2
20387,20221225,2
20387,20221226,2
19006,20220418,2
19006,20230101,2
19006,20230216,2
19006,20220501,2
19006,20220624,2
19006,20220706,2
19006,20220815,2
19006,20221101,2
19006,20221102,2
19006,20221224,2
19006,20221225,2
19006,20221226,2
19007,20220418,2
19007,20230101,2
19007,20230216,2
19007,20220501,2
19007,20220624,2
19007,20220706,2
19007,20220815,2
19007,20221101,2
19007,20221102,2
19007,20221224,2
19007,20221225,2
19007,20221226,2
19008,20220418,1
19008,20230101,1
19008,20230216,1
19008,20220501,1
19008,20220624,1
19008,20220706,1
19008,20220815,1
19008,20221101,1
19008,20221102,1
19008,20221224,1
19008,20221225,1
19008,20221226,1
20350,20220418,2
20350,20230101,2
20350,20230216,2
20350,20220501,2
20350,20220624,2
20350,20220706,2
20350,20220815,2
20350,20221101,2
20350,20221102,2
20350,20221224,2
20350,20221225,2
20350,20221226,2
20354,20220418,1
20354,20230101,1
20354,20230216,1
20354,20220501,1
20354,20220624,1
20354,20220706,1
20354,20220815,1
20354,20221101,1
20354,20221102,1
20354,20221224,1
20354,20221225,1
20354,20221226,1
19933,20220418,2
19933,20230101,2
19933,20230216,2
19933,20220501,2
19933,20220624,2
19933,20220706,2
19933,20220815,2
19933,20221101,2
19933,20221102,2
19933,20221224,2
19933,20221225,2
19933,20221226,2
18655,20220418,2
18655,20230101,2
18655,20230216,2
18655,20220501,2
18655,20220624,2
18655,20220706,2
18655,20220815,2
18655,20221101,2
18655,20221102,2
18655,20221224,2
18655,20221225,2
18655,20221226,2
19414,20220418,1
19414,20230101,1
19414,20230216,1
19414,20220501,1
19414,20220624,1
19414,20220706,1
19414,20220815,1
19414,20221101,1
19414,20221102,1
19414,20221224,1
19414,20221225,1
19414,20221226,1
18560,20220418,2
18560,20230101,2
18560,20230216,2
18560,20220501,2
18560,20220624,2
18560,20220706,2
18560,20220815,2
18560,20221101,2
18560,20221102,2
18560,20221224,2
18560,20221225,2
18560,20221226,2
18561,20220418,2
18561,20230101,2
18561,20230216,2
18561,20220501,2
18561,20220624,2
18561,20220706,2
18561,20220815,2
18561,20221101,2
18561,20221102,2
18561,20221224,2
18561,20221225,2
18561,20221226,2
18562,20220418,1
18562,20230101,1
18562,20230216,1
18562,20220501,1
18562,20220624,1
18562,20220706,1
18562,20220815,1
18562,20221101,1
18562,20221102,1
18562,20221224,1
18562,20221225,1
18562,20221226,1
20292,20220418,2
20292,20230101,2
20292,20230216,2
20292,20220501,2
20292,20220624,2
20292,20220706,2
20292,20220815,2
20292,20221101,2
20292,20221102,2
20292,20221224,2
20292,20221225,2
20292,20221226,2
20169,20220418,2
20169,20230101,2
20169,20230216,2
20169,20220501,2
20169,20220624,2
20169,20220706,2
20169,20220815,2
20169,20221101,2
20169,20221102,2
20169,20221224,2
20169,20221225,2
20169,20221226,2
20170,20220418,1
20170,20230101,1
20170,20230216,1
20170,20220501,1
20170,20220624,1
20170,20220706,1
20170,20220815,1
20170,20221101,1
20170,20221102,1
20170,20221224,1
20170,20221225,1
20170,20221226,1
19074,20220418,2
19074,20230101,2
19074,20230216,2
19074,20220501,2
19074,20220624,2
19074,20220706,2
19074,20220815,2
19074,20221101,2
19074,20221102,2
19074,20221224,2
19074,20221225,2
19074,20221226,2
18986,20220418,2
18986,20230101,2
18986,20230216,2
18986,20220501,2
18986,20220624,2
18986,20220706,2
18986,20220815,2
18986,20221101,2
18986,20221102,2
18986,20221224,2
18986,20221225,2
18986,20221226,2
19830,20220418,1
19830,20230101,1
19830,20230216,1
19830,20220501,1
19830,20220624,1
19830,20220706,1
19830,20220815,1
19830,20221101,1
19830,20221102,1
19830,20221224,1
19830,20221225,1
19830,20221226,1
20025,20220418,1
20025,20230101,1
20025,20230216,1
20025,20220501,1
20025,20220624,1
20025,20220706,1
20025,20220815,1
20025,20221101,1
20025,20221102,1
20025,20221224,1
20025,20221225,1
20025,20221226,1
20042,20220418,2
20042,20230101,2
20042,20230216,2
20042,20220501,2
20042,20220624,2
20042,20220706,2
20042,20220815,2
20042,20221101,2
20042,20221102,2
20042,20221224,2
20042,20221225,2
20042,20221226,2
19816,20220418,2
19816,20230101,2
19816,20230216,2
19816,20220501,2
19816,20220624,2
19816,20220706,2
19816,20220815,2
19816,20221101,2
19816,20221102,2
19816,20221224,2
19816,20221225,2
19816,20221226,2
20060,20220418,2
20060,20230101,2
20060,20230216,2
20060,20220501,2
20060,20220624,2
20060,20220706,2
20060,20220815,2
20060,20221101,2
20060,20221102,2
20060,20221224,2
20060,20221225,2
20060,20221226,2
20070,20220418,2
20070,20230101,2
20070,20230216,2
20070,20220501,2
20070,20220624,2
20070,20220706,2
20070,20220815,2
20070,20221101,2
20070,20221102,2
20070,20221224,2
20070,20221225,2
20070,20221226,2
20071,20220418,1
20071,20230101,1
20071,20230216,1
20071,20220501,1
20071,20220624,1
20071,20220706,1
20071,20220815,1
20071,20221101,1
20071,20221102,1
20071,20221224,1
20071,20221225,1
20071,20221226,1
20192,20220418,2
20192,20230101,2
20192,20230216,2
20192,20220501,2
20192,20220624,2
20192,20220706,2
20192,20220815,2
20192,20221101,2
20192,20221102,2
20192,20221224,2
20192,20221225,2
20192,20221226,2
20217,20220418,1
20217,20230101,1
20217,20230216,1
20217,20220501,1
20217,20220624,1
20217,20220706,1
20217,20220815,1
20217,20221101,1
20217,20221102,1
20217,20221224,1
20217,20221225,1
20217,20221226,1
20216,20220418,2
20216,20230101,2
20216,20230216,2
20216,20220501,2
20216,20220624,2
20216,20220706,2
20216,20220815,2
20216,20221101,2
20216,20221102,2
20216,20221224,2
20216,20221225,2
20216,20221226,2
19718,20220418,2
19718,20230101,2
19718,20230216,2
19718,20220501,2
19718,20220624,2
19718,20220706,2
19718,20220815,2
19718,20221101,2
19718,20221102,2
19718,20221224,2
19718,20221225,2
19718,20221226,2
19075,20220418,2
19075,20230101,2
19075,20230216,2
19075,20220501,2
19075,20220624,2
19075,20220706,2
19075,20220815,2
19075,20221101,2
19075,20221102,2
19075,20221224,2
19075,20221225,2
19075,20221226,2
19076,20220418,1
19076,20230101,1
19076,20230216,1
19076,20220501,1
19076,20220624,1
19076,20220706,1
19076,20220815,1
19076,20221101,1
19076,20221102,1
19076,20221224,1
19076,20221225,1
19076,20221226,1
19638,20220418,2
19638,20230101,2
19638,20230216,2
19638,20220501,2
19638,20220624,2
19638,20220706,2
19638,20220815,2
19638,20221101,2
19638,20221102,2
19638,20221224,2
19638,20221225,2
19638,20221226,2
19490,20220418,2
19490,20230101,2
19490,20230216,2
19490,20220501,2
19490,20220624,2
19490,20220706,2
19490,20220815,2
19490,20221101,2
19490,20221102,2
19490,20221224,2
19490,20221225,2
19490,20221226,2
19491,20220418,1
19491,20230101,1
19491,20230216,1
19491,20220501,1
19491,20220624,1
19491,20220706,1
19491,20220815,1
19491,20221101,1
19491,20221102,1
19491,20221224,1
19491,20221225,1
19491,20221226,1
19639,20220418,2
19639,20230101,2
19639,20230216,2
19639,20220501,2
19639,20220624,2
19639,20220706,2
19639,20220815,2
19639,20221101,2
19639,20221102,2
19639,20221224,2
19639,20221225,2
19639,20221226,2
18699,20220418,2
18699,20230101,2
18699,20230216,2
18699,20220501,2
18699,20220624,2
18699,20220706,2
18699,20220815,2
18699,20221101,2
18699,20221102,2
18699,20221224,2
18699,20221225,2
18699,20221226,2
18700,20220418,1
18700,20230101,1
18700,20230216,1
18700,20220501,1
18700,20220624,1
18700,20220706,1
18700,20220815,1
18700,20221101,1
18700,20221102,1
18700,20221224,1
18700,20221225,1
18700,20221226,1
20171,20220418,2
20171,20230101,2
20171,20230216,2
20171,20220501,2
20171,20220624,2
20171,20220706,2
20171,20220815,2
20171,20221101,2
20171,20221102,2
20171,20221224,2
20171,20221225,2
20171,20221226,2
18702,20220418,2
18702,20230101,2
18702,20230216,2
18702,20220501,2
18702,20220624,2
18702,20220706,2
18702,20220815,2
18702,20221101,2
18702,20221102,2
18702,20221224,2
18702,20221225,2
18702,20221226,2
18703,20220418,1
18703,20230101,1
18703,20230216,1
18703,20220501,1
18703,20220624,1
18703,20220706,1
18703,20220815,1
18703,20221101,1
18703,20221102,1
18703,20221224,1
18703,20221225,1
18703,20221226,1
19492,20220418,2
19492,20230101,2
19492,20230216,2
19492,20220501,2
19492,20220624,2
19492,20220706,2
19492,20220815,2
19492,20221101,2
19492,20221102,2
19492,20221224,2
19492,20221225,2
19492,20221226,2
19493,20220418,2
19493,20230101,2
19493,20230216,2
19493,20220501,2
19493,20220624,2
19493,20220706,2
19493,20220815,2
19493,20221101,2
19493,20221102,2
19493,20221224,2
19493,20221225,2
19493,20221226,2
19494,20220418,1
19494,20230101,1
19494,20230216,1
19494,20220501,1
19494,20220624,1
19494,20220706,1
19494,20220815,1
19494,20221101,1
19494,20221102,1
19494,20221224,1
19494,20221225,1
19494,20221226,1
20351,20220418,2
20351,20230101,2
20351,20230216,2
20351,20220501,2
20351,20220624,2
20351,20220706,2
20351,20220815,2
20351,20221101,2
20351,20221102,2
20351,20221224,2
20351,20221225,2
20351,20221226,2
19104,20220418,2
19104,20230101,2
19104,20230216,2
19104,20220501,2
19104,20220624,2
19104,20220706,2
19104,20220815,2
19104,20221101,2
19104,20221102,2
19104,20221224,2
19104,20221225,2
19104,20221226,2
19103,20220418,2
19103,20230101,2
19103,20230216,2
19103,20220501,2
19103,20220624,2
19103,20220706,2
19103,20220815,2
19103,20221101,2
19103,20221102,2
19103,20221224,2
19103,20221225,2
19103,20221226,2
20357,20220418,1
20357,20230101,1
20357,20230216,1
20357,20220501,1
20357,20220624,1
20357,20220706,1
20357,20220815,1
20357,20221101,1
20357,20221102,1
20357,20221224,1
20357,20221225,1
20357,20221226,1
19141,20220418,2
19141,20230101,2
19141,20230216,2
19141,20220501,2
19141,20220624,2
19141,20220706,2
19141,20220815,2
19141,20221101,2
19141,20221102,2
19141,20221224,2
19141,20221225,2
19141,20221226,2
19191,20220418,2
19191,20230101,2
19191,20230216,2
19191,20220501,2
19191,20220624,2
19191,20220706,2
19191,20220815,2
19191,20221101,2
19191,20221102,2
19191,20221224,2
19191,20221225,2
19191,20221226,2
19192,20220418,1
19192,20230101,1
19192,20230216,1
19192,20220501,1
19192,20220624,1
19192,20220706,1
19192,20220815,1
19192,20221101,1
19192,20221102,1
19192,20221224,1
19192,20221225,1
19192,20221226,1
20179,20220418,2
20179,20230101,2
20179,20230216,2
20179,20220501,2
20179,20220624,2
20179,20220706,2
20179,20220815,2
20179,20221101,2
20179,20221102,2
20179,20221224,2
20179,20221225,2
20179,20221226,2
20196,20220418,2
20196,20230101,2
20196,20230216,2
20196,20220501,2
20196,20220624,2
20196,20220706,2
20196,20220815,2
20196,20221101,2
20196,20221102,2
20196,20221224,2
20196,20221225,2
20196,20221226,2
20197,20220418,1
20197,20230101,1
20197,20230216,1
20197,20220501,1
20197,20220624,1
20197,20220706,1
20197,20220815,1
20197,20221101,1
20197,20221102,1
20197,20221224,1
20197,20221225,1
20197,20221226,1
19444,20220418,2
19444,20230101,2
19444,20230216,2
19444,20220501,2
19444,20220624,2
19444,20220706,2
19444,20220815,2
19444,20221101,2
19444,20221102,2
19444,20221224,2
19444,20221225,2
19444,20221226,2
19458,20220418,2
19458,20230101,2
19458,20230216,2
19458,20220501,2
19458,20220624,2
19458,20220706,2
19458,20220815,2
19458,20221101,2
19458,20221102,2
19458,20221224,2
19458,20221225,2
19458,20221226,2
19459,20220418,1
19459,20230101,1
19459,20230216,1
19459,20220501,1
19459,20220624,1
19459,20220706,1
19459,20220815,1
19459,20221101,1
19459,20221102,1
19459,20221224,1
19459,20221225,1
19459,20221226,1
20314,20220418,2
20314,20230101,2
20314,20230216,2
20314,20220501,2
20314,20220624,2
20314,20220706,2
20314,20220815,2
20314,20221101,2
20314,20221102,2
20314,20221224,2
20314,20221225,2
20314,20221226,2
20317,20220418,2
20317,20230101,2
20317,20230216,2
20317,20220501,2
20317,20220624,2
20317,20220706,2
20317,20220815,2
20317,20221101,2
20317,20221102,2
20317,20221224,2
20317,20221225,2
20317,20221226,2
20320,20220418,2
20320,20230101,2
20320,20230216,2
20320,20220501,2
20320,20220624,2
20320,20220706,2
20320,20220815,2
20320,20221101,2
20320,20221102,2
20320,20221224,2
20320,20221225,2
20320,20221226,2
19533,20220418,1
19533,20230101,1
19533,20230216,1
19533,20220501,1
19533,20220624,1
19533,20220706,1
19533,20220815,1
19533,20221101,1
19533,20221102,1
19533,20221224,1
19533,20221225,1
19533,20221226,1
19516,20220418,2
19516,20230101,2
19516,20230216,2
19516,20220501,2
19516,20220624,2
19516,20220706,2
19516,20220815,2
19516,20221101,2
19516,20221102,2
19516,20221224,2
19516,20221225,2
19516,20221226,2
20061,20220418,2
20061,20230101,2
20061,20230216,2
20061,20220501,2
20061,20220624,2
20061,20220706,2
20061,20220815,2
20061,20221101,2
20061,20221102,2
20061,20221224,2
20061,20221225,2
20061,20221226,2
20078,20220418,2
20078,20230101,2
20078,20230216,2
20078,20220501,2
20078,20220624,2
20078,20220706,2
20078,20220815,2
20078,20221101,2
20078,20221102,2
20078,20221224,2
20078,20221225,2
20078,20221226,2
20079,20220418,1
20079,20230101,1
20079,20230216,1
20079,20220501,1
20079,20220624,1
20079,20220706,1
20079,20220815,1
20079,20221101,1
20079,20221102,1
20079,20221224,1
20079,20221225,1
20079,20221226,1
20108,20220418,1
20108,20230101,1
20108,20230216,1
20108,20220501,1
20108,20220624,1
20108,20220706,1
20108,20220815,1
20108,20221101,1
20108,20221102,1
20108,20221224,1
20108,20221225,1
20108,20221226,1
20128,20220418,2
20128,20230101,2
20128,20230216,2
20128,20220501,2
20128,20220624,2
20128,20220706,2
20128,20220815,2
20128,20221101,2
20128,20221102,2
20128,20221224,2
20128,20221225,2
20128,20221226,2
18708,20220418,2
18708,20230101,2
18708,20230216,2
18708,20220501,2
18708,20220624,2
18708,20220706,2
18708,20220815,2
18708,20221101,2
18708,20221102,2
18708,20221224,2
18708,20221225,2
18708,20221226,2
18381,20220418,1
18381,20230101,1
18381,20230216,1
18381,20220501,1
18381,20220624,1
18381,20220706,1
18381,20220815,1
18381,20221101,1
18381,20221102,1
18381,20221224,1
18381,20221225,1
18381,20221226,1
18640,20220418,2
18640,20230101,2
18640,20230216,2
18640,20220501,2
18640,20220624,2
18640,20220706,2
18640,20220815,2
18640,20221101,2
18640,20221102,2
18640,20221224,2
18640,20221225,2
18640,20221226,2
20215,20220418,2
20215,20230101,2
20215,20230216,2
20215,20220501,2
20215,20220624,2
20215,20220706,2
20215,20220815,2
20215,20221101,2
20215,20221102,2
20215,20221224,2
20215,20221225,2
20215,20221226,2
20218,20220418,1
20218,20230101,1
20218,20230216,1
20218,20220501,1
20218,20220624,1
20218,20220706,1
20218,20220815,1
20218,20221101,1
20218,20221102,1
20218,20221224,1
20218,20221225,1
20218,20221226,1
19214,20220418,2
19214,20230101,2
19214,20230216,2
19214,20220501,2
19214,20220624,2
19214,20220706,2
19214,20220815,2
19214,20221101,2
19214,20221102,2
19214,20221224,2
19214,20221225,2
19214,20221226,2
18661,20220418,2
18661,20230101,2
18661,20230216,2
18661,20220501,2
18661,20220624,2
18661,20220706,2
18661,20220815,2
18661,20221101,2
18661,20221102,2
18661,20221224,2
18661,20221225,2
18661,20221226,2
18662,20220418,1
18662,20230101,1
18662,20230216,1
18662,20220501,1
18662,20220624,1
18662,20220706,1
18662,20220815,1
18662,20221101,1
18662,20221102,1
18662,20221224,1
18662,20221225,1
18662,20221226,1
19143,20220418,2
19143,20230101,2
19143,20230216,2
19143,20220501,2
19143,20220624,2
19143,20220706,2
19143,20220815,2
19143,20221101,2
19143,20221102,2
19143,20221224,2
19143,20221225,2
19143,20221226,2
19144,20220418,2
19144,20230101,2
19144,20230216,2
19144,20220501,2
19144,20220624,2
19144,20220706,2
19144,20220815,2
19144,20221101,2
19144,20221102,2
19144,20221224,2
19144,20221225,2
19144,20221226,2
19145,20220418,1
19145,20230101,1
19145,20230216,1
19145,20220501,1
19145,20220624,1
19145,20220706,1
19145,20220815,1
19145,20221101,1
19145,20221102,1
19145,20221224,1
19145,20221225,1
19145,20221226,1
19025,20220418,2
19025,20230101,2
19025,20230216,2
19025,20220501,2
19025,20220624,2
19025,20220706,2
19025,20220815,2
19025,20221101,2
19025,20221102,2
19025,20221224,2
19025,20221225,2
19025,20221226,2
19026,20220418,2
19026,20230101,2
19026,20230216,2
19026,20220501,2
19026,20220624,2
19026,20220706,2
19026,20220815,2
19026,20221101,2
19026,20221102,2
19026,20221224,2
19026,20221225,2
19026,20221226,2
19027,20220418,1
19027,20230101,1
19027,20230216,1
19027,20220501,1
19027,20220624,1
19027,20220706,1
19027,20220815,1
19027,20221101,1
19027,20221102,1
19027,20221224,1
19027,20221225,1
19027,20221226,1
19989,20220418,2
19989,20230101,2
19989,20230216,2
19989,20220501,2
19989,20220624,2
19989,20220706,2
19989,20220815,2
19989,20221101,2
19989,20221102,2
19989,20221224,2
19989,20221225,2
19989,20221226,2
19920,20220418,1
19920,20230101,1
19920,20230216,1
19920,20220501,1
19920,20220624,1
19920,20220706,1
19920,20220815,1
19920,20221101,1
19920,20221102,1
19920,20221224,1
19920,20221225,1
19920,20221226,1
20172,20220418,2
20172,20230101,2
20172,20230216,2
20172,20220501,2
20172,20220624,2
20172,20220706,2
20172,20220815,2
20172,20221101,2
20172,20221102,2
20172,20221224,2
20172,20221225,2
20172,20221226,2
19029,20220418,2
19029,20230101,2
19029,20230216,2
19029,20220501,2
19029,20220624,2
19029,20220706,2
19029,20220815,2
19029,20221101,2
19029,20221102,2
19029,20221224,2
19029,20221225,2
19029,20221226,2
19030,20220418,1
19030,20230101,1
19030,20230216,1
19030,20220501,1
19030,20220624,1
19030,20220706,1
19030,20220815,1
19030,20221101,1
19030,20221102,1
19030,20221224,1
19030,20221225,1
19030,20221226,1
20173,20220418,2
20173,20230101,2
20173,20230216,2
20173,20220501,2
20173,20220624,2
20173,20220706,2
20173,20220815,2
20173,20221101,2
20173,20221102,2
20173,20221224,2
20173,20221225,2
20173,20221226,2
18583,20220418,2
18583,20230101,2
18583,20230216,2
18583,20220501,2
18583,20220624,2
18583,20220706,2
18583,20220815,2
18583,20221101,2
18583,20221102,2
18583,20221224,2
18583,20221225,2
18583,20221226,2
18584,20220418,1
18584,20230101,1
18584,20230216,1
18584,20220501,1
18584,20220624,1
18584,20220706,1
18584,20220815,1
18584,20221101,1
18584,20221102,1
18584,20221224,1
18584,20221225,1
18584,20221226,1
20315,20220418,2
20315,20230101,2
20315,20230216,2
20315,20220501,2
20315,20220624,2
20315,20220706,2
20315,20220815,2
20315,20221101,2
20315,20221102,2
20315,20221224,2
20315,20221225,2
20315,20221226,2
18713,20220418,2
18713,20230101,2
18713,20230216,2
18713,20220501,2
18713,20220624,2
18713,20220706,2
18713,20220815,2
18713,20221101,2
18713,20221102,2
18713,20221224,2
18713,20221225,2
18713,20221226,2
20330,20220418,1
20330,20230101,1
20330,20230216,1
20330,20220501,1
20330,20220624,1
20330,20220706,1
20330,20220815,1
20330,20221101,1
20330,20221102,1
20330,20221224,1
20330,20221225,1
20330,20221226,1
20316,20220418,2
20316,20230101,2
20316,20230216,2
20316,20220501,2
20316,20220624,2
20316,20220706,2
20316,20220815,2
20316,20221101,2
20316,20221102,2
20316,20221224,2
20316,20221225,2
20316,20221226,2
19801,20220418,2
19801,20230101,2
19801,20230216,2
19801,20220501,2
19801,20220624,2
19801,20220706,2
19801,20220815,2
19801,20221101,2
19801,20221102,2
19801,20221224,2
19801,20221225,2
19801,20221226,2
20332,20220418,1
20332,20230101,1
20332,20230216,1
20332,20220501,1
20332,20220624,1
20332,20220706,1
20332,20220815,1
20332,20221101,1
20332,20221102,1
20332,20221224,1
20332,20221225,1
20332,20221226,1
18591,20220418,2
18591,20230101,2
18591,20230216,2
18591,20220501,2
18591,20220624,2
18591,20220706,2
18591,20220815,2
18591,20221101,2
18591,20221102,2
18591,20221224,2
18591,20221225,2
18591,20221226,2
18592,20220418,2
18592,20230101,2
18592,20230216,2
18592,20220501,2
18592,20220624,2
18592,20220706,2
18592,20220815,2
18592,20221101,2
18592,20221102,2
18592,20221224,2
18592,20221225,2
18592,20221226,2
18593,20220418,1
18593,20230101,1
18593,20230216,1
18593,20220501,1
18593,20220624,1
18593,20220706,1
18593,20220815,1
18593,20221101,1
18593,20221102,1
18593,20221224,1
18593,20221225,1
18593,20221226,1
20193,20220418,2
20193,20230101,2
20193,20230216,2
20193,20220501,2
20193,20220624,2
20193,20220706,2
20193,20220815,2
20193,20221101,2
20193,20221102,2
20193,20221224,2
20193,20221225,2
20193,20221226,2
20194,20220418,1
20194,20230101,1
20194,20230216,1
20194,20220501,1
20194,20220624,1
20194,20220706,1
20194,20220815,1
20194,20221101,1
20194,20221102,1
20194,20221224,1
20194,20221225,1
20194,20221226,1
20219,20220418,2
20219,20230101,2
20219,20230216,2
20219,20220501,2
20219,20220624,2
20219,20220706,2
20219,20220815,2
20219,20221101,2
20219,20221102,2
20219,20221224,2
20219,20221225,2
20219,20221226,2
19640,20220418,2
19640,20230101,2
19640,20230216,2
19640,20220501,2
19640,20220624,2
19640,20220706,2
19640,20220815,2
19640,20221101,2
19640,20221102,2
19640,20221224,2
19640,20221225,2
19640,20221226,2
18720,20220418,1
18720,20230101,1
18720,20230216,1
18720,20220501,1
18720,20220624,1
18720,20220706,1
18720,20220815,1
18720,20221101,1
18720,20221102,1
18720,20221224,1
18720,20221225,1
18720,20221226,1
19035,20220418,2
19035,20230101,2
19035,20230216,2
19035,20220501,2
19035,20220624,2
19035,20220706,2
19035,20220815,2
19035,20221101,2
19035,20221102,2
19035,20221224,2
19035,20221225,2
19035,20221226,2
20334,20220418,1
20334,20230101,1
20334,20230216,1
20334,20220501,1
20334,20220624,1
20334,20220706,1
20334,20220815,1
20334,20221101,1
20334,20221102,1
20334,20221224,1
20334,20221225,1
20334,20221226,1
19865,20220418,2
19865,20230101,2
19865,20230216,2
19865,20220501,2
19865,20220624,2
19865,20220706,2
19865,20220815,2
19865,20221101,2
19865,20221102,2
19865,20221224,2
19865,20221225,2
19865,20221226,2
19866,20220418,1
19866,20230101,1
19866,20230216,1
19866,20220501,1
19866,20220624,1
19866,20220706,1
19866,20220815,1
19866,20221101,1
19866,20221102,1
19866,20221224,1
19866,20221225,1
19866,20221226,1
19607,20220418,2
19607,20230101,2
19607,20230216,2
19607,20220501,2
19607,20220624,2
19607,20220706,2
19607,20220815,2
19607,20221101,2
19607,20221102,2
19607,20221224,2
19607,20221225,2
19607,20221226,2
20318,20220418,2
20318,20230101,2
20318,20230216,2
20318,20220501,2
20318,20220624,2
20318,20220706,2
20318,20220815,2
20318,20221101,2
20318,20221102,2
20318,20221224,2
20318,20221225,2
20318,20221226,2
19499,20220418,2
19499,20230101,2
19499,20230216,2
19499,20220501,2
19499,20220624,2
19499,20220706,2
19499,20220815,2
19499,20221101,2
19499,20221102,2
19499,20221224,2
19499,20221225,2
19499,20221226,2
19500,20220418,1
19500,20230101,1
19500,20230216,1
19500,20220501,1
19500,20220624,1
19500,20220706,1
19500,20220815,1
19500,20221101,1
19500,20221102,1
19500,20221224,1
19500,20221225,1
19500,20221226,1
19852,20220418,2
19852,20230101,2
19852,20230216,2
19852,20220501,2
19852,20220624,2
19852,20220706,2
19852,20220815,2
19852,20221101,2
19852,20221102,2
19852,20221224,2
19852,20221225,2
19852,20221226,2
19857,20220418,2
19857,20230101,2
19857,20230216,2
19857,20220501,2
19857,20220624,2
19857,20220706,2
19857,20220815,2
19857,20221101,2
19857,20221102,2
19857,20221224,2
19857,20221225,2
19857,20221226,2
19858,20220418,1
19858,20230101,1
19858,20230216,1
19858,20220501,1
19858,20220624,1
19858,20220706,1
19858,20220815,1
19858,20221101,1
19858,20221102,1
19858,20221224,1
19858,20221225,1
19858,20221226,1
20319,20220418,2
20319,20230101,2
20319,20230216,2
20319,20220501,2
20319,20220624,2
20319,20220706,2
20319,20220815,2
20319,20221101,2
20319,20221102,2
20319,20221224,2
20319,20221225,2
20319,20221226,2
19038,20220418,2
19038,20230101,2
19038,20230216,2
19038,20220501,2
19038,20220624,2
19038,20220706,2
19038,20220815,2
19038,20221101,2
19038,20221102,2
19038,20221224,2
19038,20221225,2
19038,20221226,2
19039,20220418,1
19039,20230101,1
19039,20230216,1
19039,20220501,1
19039,20220624,1
19039,20220706,1
19039,20220815,1
19039,20221101,1
19039,20221102,1
19039,20221224,1
19039,20221225,1
19039,20221226,1
18600,20220418,2
18600,20230101,2
18600,20230216,2
18600,20220501,2
18600,20220624,2
18600,20220706,2
18600,20220815,2
18600,20221101,2
18600,20221102,2
18600,20221224,2
18600,20221225,2
18600,20221226,2
18601,20220418,2
18601,20230101,2
18601,20230216,2
18601,20220501,2
18601,20220624,2
18601,20220706,2
18601,20220815,2
18601,20221101,2
18601,20221102,2
18601,20221224,2
18601,20221225,2
18601,20221226,2
18602,20220418,1
18602,20230101,1
18602,20230216,1
18602,20220501,1
18602,20220624,1
18602,20220706,1
18602,20220815,1
18602,20221101,1
18602,20221102,1
18602,20221224,1
18602,20221225,1
18602,20221226,1
20099,20220418,2
20099,20230101,2
20099,20230216,2
20099,20220501,2
20099,20220624,2
20099,20220706,2
20099,20220815,2
20099,20221101,2
20099,20221102,2
20099,20221224,2
20099,20221225,2
20099,20221226,2
20100,20220418,2
20100,20230101,2
20100,20230216,2
20100,20220501,2
20100,20220624,2
20100,20220706,2
20100,20220815,2
20100,20221101,2
20100,20221102,2
20100,20221224,2
20100,20221225,2
20100,20221226,2
20101,20220418,1
20101,20230101,1
20101,20230216,1
20101,20220501,1
20101,20220624,1
20101,20220706,1
20101,20220815,1
20101,20221101,1
20101,20221102,1
20101,20221224,1
20101,20221225,1
20101,20221226,1
19043,20220418,2
19043,20230101,2
19043,20230216,2
19043,20220501,2
19043,20220624,2
19043,20220706,2
19043,20220815,2
19043,20221101,2
19043,20221102,2
19043,20221224,2
19043,20221225,2
19043,20221226,2
19044,20220418,2
19044,20230101,2
19044,20230216,2
19044,20220501,2
19044,20220624,2
19044,20220706,2
19044,20220815,2
19044,20221101,2
19044,20221102,2
19044,20221224,2
19044,20221225,2
19044,20221226,2
19045,20220418,1
19045,20230101,1
19045,20230216,1
19045,20220501,1
19045,20220624,1
19045,20220706,1
19045,20220815,1
19045,20221101,1
19045,20221102,1
19045,20221224,1
19045,20221225,1
19045,20221226,1
19359,20220418,2
19359,20230101,2
19359,20230216,2
19359,20220501,2
19359,20220624,2
19359,20220706,2
19359,20220815,2
19359,20221101,2
19359,20221102,2
19359,20221224,2
19359,20221225,2
19359,20221226,2
17177,20220418,1
17177,20230101,1
17177,20230216,1
17177,20220501,1
17177,20220624,1
17177,20220706,1
17177,20220815,1
17177,20221101,1
17177,20221102,1
17177,20221224,1
17177,20221225,1
17177,20221226,1
19046,20220418,2
19046,20230101,2
19046,20230216,2
19046,20220501,2
19046,20220624,2
19046,20220706,2
19046,20220815,2
19046,20221101,2
19046,20221102,2
19046,20221224,2
19046,20221225,2
19046,20221226,2
18642,20220418,1
18642,20230101,1
18642,20230216,1
18642,20220501,1
18642,20220624,1
18642,20220706,1
18642,20220815,1
18642,20221101,1
18642,20221102,1
18642,20221224,1
18642,20221225,1
18642,20221226,1
20382,20220418,2
20382,20230101,2
20382,20230216,2
20382,20220501,2
20382,20220624,2
20382,20220706,2
20382,20220815,2
20382,20221101,2
20382,20221102,2
20382,20221224,2
20382,20221225,2
20382,20221226,2
20175,20220418,2
20175,20230101,2
20175,20230216,2
20175,20220501,2
20175,20220624,2
20175,20220706,2
20175,20220815,2
20175,20221101,2
20175,20221102,2
20175,20221224,2
20175,20221225,2
20175,20221226,2
20176,20220418,1
20176,20230101,1
20176,20230216,1
20176,20220501,1
20176,20220624,1
20176,20220706,1
20176,20220815,1
20176,20221101,1
20176,20221102,1
20176,20221224,1
20176,20221225,1
20176,20221226,1
19445,20220418,2
19445,20230101,2
19445,20230216,2
19445,20220501,2
19445,20220624,2
19445,20220706,2
19445,20220815,2
19445,20221101,2
19445,20221102,2
19445,20221224,2
19445,20221225,2
19445,20221226,2
19460,20220418,2
19460,20230101,2
19460,20230216,2
19460,20220501,2
19460,20220624,2
19460,20220706,2
19460,20220815,2
19460,20221101,2
19460,20221102,2
19460,20221224,2
19460,20221225,2
19460,20221226,2
19461,20220418,1
19461,20230101,1
19461,20230216,1
19461,20220501,1
19461,20220624,1
19461,20220706,1
19461,20220815,1
19461,20221101,1
19461,20221102,1
19461,20221224,1
19461,20221225,1
19461,20221226,1
19720,20220418,2
19720,20230101,2
19720,20230216,2
19720,20220501,2
19720,20220624,2
19720,20220706,2
19720,20220815,2
19720,20221101,2
19720,20221102,2
19720,20221224,2
19720,20221225,2
19720,20221226,2
19424,20220418,2
19424,20230101,2
19424,20230216,2
19424,20220501,2
19424,20220624,2
19424,20220706,2
19424,20220815,2
19424,20221101,2
19424,20221102,2
19424,20221224,2
19424,20221225,2
19424,20221226,2
19425,20220418,1
19425,20230101,1
19425,20230216,1
19425,20220501,1
19425,20220624,1
19425,20220706,1
19425,20220815,1
19425,20221101,1
19425,20221102,1
19425,20221224,1
19425,20221225,1
19425,20221226,1
18611,20220418,2
18611,20230101,2
18611,20230216,2
18611,20220501,2
18611,20220624,2
18611,20220706,2
18611,20220815,2
18611,20221101,2
18611,20221102,2
18611,20221224,2
18611,20221225,2
18611,20221226,2
18612,20220418,1
18612,20230101,1
18612,20230216,1
18612,20220501,1
18612,20220624,1
18612,20220706,1
18612,20220815,1
18612,20221101,1
18612,20221102,1
18612,20221224,1
18612,20221225,1
18612,20221226,1
20064,20220418,2
20064,20230101,2
20064,20230216,2
20064,20220501,2
20064,20220624,2
20064,20220706,2
20064,20220815,2
20064,20221101,2
20064,20221102,2
20064,20221224,2
20064,20221225,2
20064,20221226,2
20074,20220418,2
20074,20230101,2
20074,20230216,2
20074,20220501,2
20074,20220624,2
20074,20220706,2
20074,20220815,2
20074,20221101,2
20074,20221102,2
20074,20221224,2
20074,20221225,2
20074,20221226,2
20075,20220418,1
20075,20230101,1
20075,20230216,1
20075,20220501,1
20075,20220624,1
20075,20220706,1
20075,20220815,1
20075,20221101,1
20075,20221102,1
20075,20221224,1
20075,20221225,1
20075,20221226,1
19821,20220418,2
19821,20230101,2
19821,20230216,2
19821,20220501,2
19821,20220624,2
19821,20220706,2
19821,20220815,2
19821,20221101,2
19821,20221102,2
19821,20221224,2
19821,20221225,2
19821,20221226,2
19822,20220418,2
19822,20230101,2
19822,20230216,2
19822,20220501,2
19822,20220624,2
19822,20220706,2
19822,20220815,2
19822,20221101,2
19822,20221102,2
19822,20221224,2
19822,20221225,2
19822,20221226,2
19820,20220418,1
19820,20230101,1
19820,20230216,1
19820,20220501,1
19820,20220624,1
19820,20220706,1
19820,20220815,1
19820,20221101,1
19820,20221102,1
19820,20221224,1
19820,20221225,1
19820,20221226,1
19201,20220418,2
19201,20230101,2
19201,20230216,2
19201,20220501,2
19201,20220624,2
19201,20220706,2
19201,20220815,2
19201,20221101,2
19201,20221102,2
19201,20221224,2
19201,20221225,2
19201,20221226,2
19203,20220418,2
19203,20230101,2
19203,20230216,2
19203,20220501,2
19203,20220624,2
19203,20220706,2
19203,20220815,2
19203,20221101,2
19203,20221102,2
19203,20221224,2
19203,20221225,2
19203,20221226,2
19204,20220418,1
19204,20230101,1
19204,20230216,1
19204,20220501,1
19204,20220624,1
19204,20220706,1
19204,20220815,1
19204,20221101,1
19204,20221102,1
19204,20221224,1
19204,20221225,1
19204,20221226,1
20003,20220418,2
20003,20230101,2
20003,20230216,2
20003,20220501,2
20003,20220624,2
20003,20220706,2
20003,20220815,2
20003,20221101,2
20003,20221102,2
20003,20221224,2
20003,20221225,2
20003,20221226,2
20004,20220418,2
20004,20230101,2
20004,20230216,2
20004,20220501,2
20004,20220624,2
20004,20220706,2
20004,20220815,2
20004,20221101,2
20004,20221102,2
20004,20221224,2
20004,20221225,2
20004,20221226,2
20005,20220418,1
20005,20230101,1
20005,20230216,1
20005,20220501,1
20005,20220624,1
20005,20220706,1
20005,20220815,1
20005,20221101,1
20005,20221102,1
20005,20221224,1
20005,20221225,1
20005,20221226,1
19363,20220418,2
19363,20230101,2
19363,20230216,2
19363,20220501,2
19363,20220624,2
19363,20220706,2
19363,20220815,2
19363,20221101,2
19363,20221102,2
19363,20221224,2
19363,20221225,2
19363,20221226,2
19528,20220418,1
19528,20230101,1
19528,20230216,1
19528,20220501,1
19528,20220624,1
19528,20220706,1
19528,20220815,1
19528,20221101,1
19528,20221102,1
19528,20221224,1
19528,20221225,1
19528,20221226,1
19308,20220418,2
19308,20230101,2
19308,20230216,2
19308,20220501,2
19308,20220624,2
19308,20220706,2
19308,20220815,2
19308,20221101,2
19308,20221102,2
19308,20221224,2
19308,20221225,2
19308,20221226,2
18734,20220418,1
18734,20230101,1
18734,20230216,1
18734,20220501,1
18734,20220624,1
18734,20220706,1
18734,20220815,1
18734,20221101,1
18734,20221102,1
18734,20221224,1
18734,20221225,1
18734,20221226,1
19273,20220418,2
19273,20230101,2
19273,20230216,2
19273,20220501,2
19273,20220624,2
19273,20220706,2
19273,20220815,2
19273,20221101,2
19273,20221102,2
19273,20221224,2
19273,20221225,2
19273,20221226,2
20321,20220418,2
20321,20230101,2
20321,20230216,2
20321,20220501,2
20321,20220624,2
20321,20220706,2
20321,20220815,2
20321,20221101,2
20321,20221102,2
20321,20221224,2
20321,20221225,2
20321,20221226,2
19669,20220418,2
19669,20230101,2
19669,20230216,2
19669,20220501,2
19669,20220624,2
19669,20220706,2
19669,20220815,2
19669,20221101,2
19669,20221102,2
19669,20221224,2
19669,20221225,2
19669,20221226,2
20340,20220418,1
20340,20230101,1
20340,20230216,1
20340,20220501,1
20340,20220624,1
20340,20220706,1
20340,20220815,1
20340,20221101,1
20340,20221102,1
20340,20221224,1
20340,20221225,1
20340,20221226,1
19052,20220418,2
19052,20230101,2
19052,20230216,2
19052,20220501,2
19052,20220624,2
19052,20220706,2
19052,20220815,2
19052,20221101,2
19052,20221102,2
19052,20221224,2
19052,20221225,2
19052,20221226,2
16922,20220418,2
16922,20230101,2
16922,20230216,2
16922,20220501,2
16922,20220624,2
16922,20220706,2
16922,20220815,2
16922,20221101,2
16922,20221102,2
16922,20221224,2
16922,20221225,2
16922,20221226,2
16194,20220418,1
16194,20230101,1
16194,20230216,1
16194,20220501,1
16194,20220624,1
16194,20220706,1
16194,20220815,1
16194,20221101,1
16194,20221102,1
16194,20221224,1
16194,20221225,1
16194,20221226,1
19867,20220418,2
19867,20230101,2
19867,20230216,2
19867,20220501,2
19867,20220624,2
19867,20220706,2
19867,20220815,2
19867,20221101,2
19867,20221102,2
19867,20221224,2
19867,20221225,2
19867,20221226,2
19868,20220418,2
19868,20230101,2
19868,20230216,2
19868,20220501,2
19868,20220624,2
19868,20220706,2
19868,20220815,2
19868,20221101,2
19868,20221102,2
19868,20221224,2
19868,20221225,2
19868,20221226,2
19869,20220418,1
19869,20230101,1
19869,20230216,1
19869,20220501,1
19869,20220624,1
19869,20220706,1
19869,20220815,1
19869,20221101,1
19869,20221102,1
19869,20221224,1
19869,20221225,1
19869,20221226,1
20102,20220418,2
20102,20230101,2
20102,20230216,2
20102,20220501,2
20102,20220624,2
20102,20220706,2
20102,20220815,2
20102,20221101,2
20102,20221102,2
20102,20221224,2
20102,20221225,2
20102,20221226,2
20103,20220418,2
20103,20230101,2
20103,20230216,2
20103,20220501,2
20103,20220624,2
20103,20220706,2
20103,20220815,2
20103,20221101,2
20103,20221102,2
20103,20221224,2
20103,20221225,2
20103,20221226,2
20104,20220418,1
20104,20230101,1
20104,20230216,1
20104,20220501,1
20104,20220624,1
20104,20220706,1
20104,20220815,1
20104,20221101,1
20104,20221102,1
20104,20221224,1
20104,20221225,1
20104,20221226,1
19709,20220418,2
19709,20230101,2
19709,20230216,2
19709,20220501,2
19709,20220624,2
19709,20220706,2
19709,20220815,2
19709,20221101,2
19709,20221102,2
19709,20221224,2
19709,20221225,2
19709,20221226,2
19915,20220418,1
19915,20230101,1
19915,20230216,1
19915,20220501,1
19915,20220624,1
19915,20220706,1
19915,20220815,1
19915,20221101,1
19915,20221102,1
19915,20221224,1
19915,20221225,1
19915,20221226,1
19714,20220418,2
19714,20230101,2
19714,20230216,2
19714,20220501,2
19714,20220624,2
19714,20220706,2
19714,20220815,2
19714,20221101,2
19714,20221102,2
19714,20221224,2
19714,20221225,2
19714,20221226,2
20177,20220418,2
20177,20230101,2
20177,20230216,2
20177,20220501,2
20177,20220624,2
20177,20220706,2
20177,20220815,2
20177,20221101,2
20177,20221102,2
20177,20221224,2
20177,20221225,2
20177,20221226,2
16727,20220418,2
16727,20230101,2
16727,20230216,2
16727,20220501,2
16727,20220624,2
16727,20220706,2
16727,20220815,2
16727,20221101,2
16727,20221102,2
16727,20221224,2
16727,20221225,2
16727,20221226,2
16728,20220418,1
16728,20230101,1
16728,20230216,1
16728,20220501,1
16728,20220624,1
16728,20220706,1
16728,20220815,1
16728,20221101,1
16728,20221102,1
16728,20221224,1
16728,20221225,1
16728,20221226,1
19151,20220418,2
19151,20230101,2
19151,20230216,2
19151,20220501,2
19151,20220624,2
19151,20220706,2
19151,20220815,2
19151,20221101,2
19151,20221102,2
19151,20221224,2
19151,20221225,2
19151,20221226,2
19199,20220418,2
19199,20230101,2
19199,20230216,2
19199,20220501,2
19199,20220624,2
19199,20220706,2
19199,20220815,2
19199,20221101,2
19199,20221102,2
19199,20221224,2
19199,20221225,2
19199,20221226,2
19200,20220418,1
19200,20230101,1
19200,20230216,1
19200,20220501,1
19200,20220624,1
19200,20220706,1
19200,20220815,1
19200,20221101,1
19200,20221102,1
19200,20221224,1
19200,20221225,1
19200,20221226,1
20322,20220418,2
20322,20230101,2
20322,20230216,2
20322,20220501,2
20322,20220624,2
20322,20220706,2
20322,20220815,2
20322,20221101,2
20322,20221102,2
20322,20221224,2
20322,20221225,2
20322,20221226,2
19056,20220418,2
19056,20230101,2
19056,20230216,2
19056,20220501,2
19056,20220624,2
19056,20220706,2
19056,20220815,2
19056,20221101,2
19056,20221102,2
19056,20221224,2
19056,20221225,2
19056,20221226,2
19057,20220418,1
19057,20230101,1
19057,20230216,1
19057,20220501,1
19057,20220624,1
19057,20220706,1
19057,20220815,1
19057,20221101,1
19057,20221102,1
19057,20221224,1
19057,20221225,1
19057,20221226,1
19642,20220418,2
19642,20230101,2
19642,20230216,2
19642,20220501,2
19642,20220624,2
19642,20220706,2
19642,20220815,2
19642,20221101,2
19642,20221102,2
19642,20221224,2
19642,20221225,2
19642,20221226,2
19506,20220418,2
19506,20230101,2
19506,20230216,2
19506,20220501,2
19506,20220624,2
19506,20220706,2
19506,20220815,2
19506,20221101,2
19506,20221102,2
19506,20221224,2
19506,20221225,2
19506,20221226,2
19507,20220418,1
19507,20230101,1
19507,20230216,1
19507,20220501,1
19507,20220624,1
19507,20220706,1
19507,20220815,1
19507,20221101,1
19507,20221102,1
19507,20221224,1
19507,20221225,1
19507,20221226,1
19508,20220418,2
19508,20230101,2
19508,20230216,2
19508,20220501,2
19508,20220624,2
19508,20220706,2
19508,20220815,2
19508,20221101,2
19508,20221102,2
19508,20221224,2
19508,20221225,2
19508,20221226,2
19509,20220418,2
19509,20230101,2
19509,20230216,2
19509,20220501,2
19509,20220624,2
19509,20220706,2
19509,20220815,2
19509,20221101,2
19509,20221102,2
19509,20221224,2
19509,20221225,2
19509,20221226,2
19510,20220418,1
19510,20230101,1
19510,20230216,1
19510,20220501,1
19510,20220624,1
19510,20220706,1
19510,20220815,1
19510,20221101,1
19510,20221102,1
19510,20221224,1
19510,20221225,1
19510,20221226,1
19643,20220418,2
19643,20230101,2
19643,20230216,2
19643,20220501,2
19643,20220624,2
19643,20220706,2
19643,20220815,2
19643,20221101,2
19643,20221102,2
19643,20221224,2
19643,20221225,2
19643,20221226,2
19512,20220418,1
19512,20230101,1
19512,20230216,1
19512,20220501,1
19512,20220624,1
19512,20220706,1
19512,20220815,1
19512,20221101,1
19512,20221102,1
19512,20221224,1
19512,20221225,1
19512,20221226,1
20284,20220418,1
20284,20230101,1
20284,20230216,1
20284,20220501,1
20284,20220624,1
20284,20220706,1
20284,20220815,1
20284,20221101,1
20284,20221102,1
20284,20221224,1
20284,20221225,1
20284,20221226,1
20304,20220418,2
20304,20230101,2
20304,20230216,2
20304,20220501,2
20304,20220624,2
20304,20220706,2
20304,20220815,2
20304,20221101,2
20304,20221102,2
20304,20221224,2
20304,20221225,2
20304,20221226,2
20383,20220418,2
20383,20230101,2
20383,20230216,2
20383,20220501,2
20383,20220624,2
20383,20220706,2
20383,20220815,2
20383,20221101,2
20383,20221102,2
20383,20221224,2
20383,20221225,2
20383,20221226,2
20384,20220418,1
20384,20230101,1
20384,20230216,1
20384,20220501,1
20384,20220624,1
20384,20220706,1
20384,20220815,1
20384,20221101,1
20384,20221102,1
20384,20221224,1
20384,20221225,1
20384,20221226,1
20285,20220418,2
20285,20230101,2
20285,20230216,2
20285,20220501,2
20285,20220624,2
20285,20220706,2
20285,20220815,2
20285,20221101,2
20285,20221102,2
20285,20221224,2
20285,20221225,2
20285,20221226,2
20286,20220418,1
20286,20230101,1
20286,20230216,1
20286,20220501,1
20286,20220624,1
20286,20220706,1
20286,20220815,1
20286,20221101,1
20286,20221102,1
20286,20221224,1
20286,20221225,1
20286,20221226,1
20385,20220418,2
20385,20230101,2
20385,20230216,2
20385,20220501,2
20385,20220624,2
20385,20220706,2
20385,20220815,2
20385,20221101,2
20385,20221102,2
20385,20221224,2
20385,20221225,2
20385,20221226,2
19067,20220418,2
19067,20230101,2
19067,20230216,2
19067,20220501,2
19067,20220624,2
19067,20220706,2
19067,20220815,2
19067,20221101,2
19067,20221102,2
19067,20221224,2
19067,20221225,2
19067,20221226,2
19068,20220418,1
19068,20230101,1
19068,20230216,1
19068,20220501,1
19068,20220624,1
19068,20220706,1
19068,20220815,1
19068,20221101,1
19068,20221102,1
19068,20221224,1
19068,20221225,1
19068,20221226,1
19297,20220418,2
19297,20230101,2
19297,20230216,2
19297,20220501,2
19297,20220624,2
19297,20220706,2
19297,20220815,2
19297,20221101,2
19297,20221102,2
19297,20221224,2
19297,20221225,2
19297,20221226,2
16212,20220418,1
16212,20230101,1
16212,20230216,1
16212,20220501,1
16212,20220624,1
16212,20220706,1
16212,20220815,1
16212,20221101,1
16212,20221102,1
16212,20221224,1
16212,20221225,1
16212,20221226,1
19446,20220418,2
19446,20230101,2
19446,20230216,2
19446,20220501,2
19446,20220624,2
19446,20220706,2
19446,20220815,2
19446,20221101,2
19446,20221102,2
19446,20221224,2
19446,20221225,2
19446,20221226,2
19462,20220418,2
19462,20230101,2
19462,20230216,2
19462,20220501,2
19462,20220624,2
19462,20220706,2
19462,20220815,2
19462,20221101,2
19462,20221102,2
19462,20221224,2
19462,20221225,2
19462,20221226,2
19463,20220418,1
19463,20230101,1
19463,20230216,1
19463,20220501,1
19463,20220624,1
19463,20220706,1
19463,20220815,1
19463,20221101,1
19463,20221102,1
19463,20221224,1
19463,20221225,1
19463,20221226,1
20343,20220418,2
20343,20230101,2
20343,20230216,2
20343,20220501,2
20343,20220624,2
20343,20220706,2
20343,20220815,2
20343,20221101,2
20343,20221102,2
20343,20221224,2
20343,20221225,2
20343,20221226,2
20345,20220418,2
20345,20230101,2
20345,20230216,2
20345,20220501,2
20345,20220624,2
20345,20220706,2
20345,20220815,2
20345,20221101,2
20345,20221102,2
20345,20221224,2
20345,20221225,2
20345,20221226,2
20199,20220418,1
20199,20230101,1
20199,20230216,1
20199,20220501,1
20199,20220624,1
20199,20220706,1
20199,20220815,1
20199,20221101,1
20199,20221102,1
20199,20221224,1
20199,20221225,1
20199,20221226,1
20181,20220418,2
20181,20230101,2
20181,20230216,2
20181,20220501,2
20181,20220624,2
20181,20220706,2
20181,20220815,2
20181,20221101,2
20181,20221102,2
20181,20221224,2
20181,20221225,2
20181,20221226,2
20200,20220418,2
20200,20230101,2
20200,20230216,2
20200,20220501,2
20200,20220624,2
20200,20220706,2
20200,20220815,2
20200,20221101,2
20200,20221102,2
20200,20221224,2
20200,20221225,2
20200,20221226,2
20201,20220418,1
20201,20230101,1
20201,20230216,1
20201,20220501,1
20201,20220624,1
20201,20220706,1
20201,20220815,1
20201,20221101,1
20201,20221102,1
20201,20221224,1
20201,20221225,1
20201,20221226,1
20360,20220418,2
20360,20230101,2
20360,20230216,2
20360,20220501,2
20360,20220624,2
20360,20220706,2
20360,20220815,2
20360,20221101,2
20360,20221102,2
20360,20221224,2
20360,20221225,2
20360,20221226,2
20363,20220418,2
20363,20230101,2
20363,20230216,2
20363,20220501,2
20363,20220624,2
20363,20220706,2
20363,20220815,2
20363,20221101,2
20363,20221102,2
20363,20221224,2
20363,20221225,2
20363,20221226,2
20366,20220418,2
20366,20230101,2
20366,20230216,2
20366,20220501,2
20366,20220624,2
20366,20220706,2
20366,20220815,2
20366,20221101,2
20366,20221102,2
20366,20221224,2
20366,20221225,2
20366,20221226,2
20367,20220418,1
20367,20230101,1
20367,20230216,1
20367,20220501,1
20367,20220624,1
20367,20220706,1
20367,20220815,1
20367,20221101,1
20367,20221102,1
20367,20221224,1
20367,20221225,1
20367,20221226,1
20361,20220418,2
20361,20230101,2
20361,20230216,2
20361,20220501,2
20361,20220624,2
20361,20220706,2
20361,20220815,2
20361,20221101,2
20361,20221102,2
20361,20221224,2
20361,20221225,2
20361,20221226,2
20368,20220418,2
20368,20230101,2
20368,20230216,2
20368,20220501,2
20368,20220624,2
20368,20220706,2
20368,20220815,2
20368,20221101,2
20368,20221102,2
20368,20221224,2
20368,20221225,2
20368,20221226,2
20369,20220418,1
20369,20230101,1
20369,20230216,1
20369,20220501,1
20369,20220624,1
20369,20220706,1
20369,20220815,1
20369,20221101,1
20369,20221102,1
20369,20221224,1
20369,20221225,1
20369,20221226,1
20185,20220418,2
20185,20230101,2
20185,20230216,2
20185,20220501,2
20185,20220624,2
20185,20220706,2
20185,20220815,2
20185,20221101,2
20185,20221102,2
20185,20221224,2
20185,20221225,2
20185,20221226,2
20212,20220418,2
20212,20230101,2
20212,20230216,2
20212,20220501,2
20212,20220624,2
20212,20220706,2
20212,20220815,2
20212,20221101,2
20212,20221102,2
20212,20221224,2
20212,20221225,2
20212,20221226,2
20214,20220418,1
20214,20230101,1
20214,20230216,1
20214,20220501,1
20214,20220624,1
20214,20220706,1
20214,20220815,1
20214,20221101,1
20214,20221102,1
20214,20221224,1
20214,20221225,1
20214,20221226,1
20186,20220418,2
20186,20230101,2
20186,20230216,2
20186,20220501,2
20186,20220624,2
20186,20220706,2
20186,20220815,2
20186,20221101,2
20186,20221102,2
20186,20221224,2
20186,20221225,2
20186,20221226,2
20205,20220418,2
20205,20230101,2
20205,20230216,2
20205,20220501,2
20205,20220624,2
20205,20220706,2
20205,20220815,2
20205,20221101,2
20205,20221102,2
20205,20221224,2
20205,20221225,2
20205,20221226,2
20206,20220418,1
20206,20230101,1
20206,20230216,1
20206,20220501,1
20206,20220624,1
20206,20220706,1
20206,20220815,1
20206,20221101,1
20206,20221102,1
20206,20221224,1
20206,20221225,1
20206,20221226,1
20362,20220418,2
20362,20230101,2
20362,20230216,2
20362,20220501,2
20362,20220624,2
20362,20220706,2
20362,20220815,2
20362,20221101,2
20362,20221102,2
20362,20221224,2
20362,20221225,2
20362,20221226,2
20370,20220418,2
20370,20230101,2
20370,20230216,2
20370,20220501,2
20370,20220624,2
20370,20220706,2
20370,20220815,2
20370,20221101,2
20370,20221102,2
20370,20221224,2
20370,20221225,2
20370,20221226,2
20371,20220418,1
20371,20230101,1
20371,20230216,1
20371,20220501,1
20371,20220624,1
20371,20220706,1
20371,20220815,1
20371,20221101,1
20371,20221102,1
20371,20221224,1
20371,20221225,1
20371,20221226,1
20187,20220418,2
20187,20230101,2
20187,20230216,2
20187,20220501,2
20187,20220624,2
20187,20220706,2
20187,20220815,2
20187,20221101,2
20187,20221102,2
20187,20221224,2
20187,20221225,2
20187,20221226,2
20188,20220418,1
20188,20230101,1
20188,20230216,1
20188,20220501,1
20188,20220624,1
20188,20220706,1
20188,20220815,1
20188,20221101,1
20188,20221102,1
20188,20221224,1
20188,20221225,1
20188,20221226,1
20207,20220418,2
20207,20230101,2
20207,20230216,2
20207,20220501,2
20207,20220624,2
20207,20220706,2
20207,20220815,2
20207,20221101,2
20207,20221102,2
20207,20221224,2
20207,20221225,2
20207,20221226,2
19453,20220418,2
19453,20230101,2
19453,20230216,2
19453,20220501,2
19453,20220624,2
19453,20220706,2
19453,20220815,2
19453,20221101,2
19453,20221102,2
19453,20221224,2
19453,20221225,2
19453,20221226,2
20364,20220418,2
20364,20230101,2
20364,20230216,2
20364,20220501,2
20364,20220624,2
20364,20220706,2
20364,20220815,2
20364,20221101,2
20364,20221102,2
20364,20221224,2
20364,20221225,2
20364,20221226,2
20372,20220418,2
20372,20230101,2
20372,20230216,2
20372,20220501,2
20372,20220624,2
20372,20220706,2
20372,20220815,2
20372,20221101,2
20372,20221102,2
20372,20221224,2
20372,20221225,2
20372,20221226,2
20373,20220418,1
20373,20230101,1
20373,20230216,1
20373,20220501,1
20373,20220624,1
20373,20220706,1
20373,20220815,1
20373,20221101,1
20373,20221102,1
20373,20221224,1
20373,20221225,1
20373,20221226,1
20344,20220418,2
20344,20230101,2
20344,20230216,2
20344,20220501,2
20344,20220624,2
20344,20220706,2
20344,20220815,2
20344,20221101,2
20344,20221102,2
20344,20221224,2
20344,20221225,2
20344,20221226,2
19795,20220418,2
19795,20230101,2
19795,20230216,2
19795,20220501,2
19795,20220624,2
19795,20220706,2
19795,20220815,2
19795,20221101,2
19795,20221102,2
19795,20221224,2
19795,20221225,2
19795,20221226,2
19184,20220418,1
19184,20230101,1
19184,20230216,1
19184,20220501,1
19184,20220624,1
19184,20220706,1
19184,20220815,1
19184,20221101,1
19184,20221102,1
19184,20221224,1
19184,20221225,1
19184,20221226,1
19930,20220418,2
19930,20230101,2
19930,20230216,2
19930,20220501,2
19930,20220624,2
19930,20220706,2
19930,20220815,2
19930,20221101,2
19930,20221102,2
19930,20221224,2
19930,20221225,2
19930,20221226,2
19471,20220418,2
19471,20230101,2
19471,20230216,2
19471,20220501,2
19471,20220624,2
19471,20220706,2
19471,20220815,2
19471,20221101,2
19471,20221102,2
19471,20221224,2
19471,20221225,2
19471,20221226,2
19209,20220418,1
19209,20230101,1
19209,20230216,1
19209,20220501,1
19209,20220624,1
19209,20220706,1
19209,20220815,1
19209,20221101,1
19209,20221102,1
19209,20221224,1
19209,20221225,1
19209,20221226,1
20365,20220418,2
20365,20230101,2
20365,20230216,2
20365,20220501,2
20365,20220624,2
20365,20220706,2
20365,20220815,2
20365,20221101,2
20365,20221102,2
20365,20221224,2
20365,20221225,2
20365,20221226,2
20374,20220418,2
20374,20230101,2
20374,20230216,2
20374,20220501,2
20374,20220624,2
20374,20220706,2
20374,20220815,2
20374,20221101,2
20374,20221102,2
20374,20221224,2
20374,20221225,2
20374,20221226,2
20375,20220418,1
20375,20230101,1
20375,20230216,1
20375,20220501,1
20375,20220624,1
20375,20220706,1
20375,20220815,1
20375,20221101,1
20375,20221102,1
20375,20221224,1
20375,20221225,1
20375,20221226,1
19456,20220418,2
19456,20230101,2
19456,20230216,2
19456,20220501,2
19456,20220624,2
19456,20220706,2
19456,20220815,2
19456,20221101,2
19456,20221102,2
19456,20221224,2
19456,20221225,2
19456,20221226,2
19457,20220418,2
19457,20230101,2
19457,20230216,2
19457,20220501,2
19457,20220624,2
19457,20220706,2
19457,20220815,2
19457,20221101,2
19457,20221102,2
19457,20221224,2
19457,20221225,2
19457,20221226,2