service_id,monday,tuesday,wednesday,thursday,friday,saturday,sunday,start_date,end_date
20300,1,1,1,1,1,0,0,20220314,20230301
20301,0,0,0,0,0,1,0,20220314,20230301
20302,0,0,0,0,0,0,1,20220314,20230301
20162,1,1,1,1,1,0,0,20220301,20230301
20163,0,0,0,0,0,1,0,20220301,20230301
20164,0,0,0,0,0,0,1,20220301,20230301
19942,1,1,1,1,1,0,0,20220117,20230301
19943,1,1,1,1,1,0,0,20220117,20230301
19602,0,0,0,0,0,1,0,20211103,20230301
19603,0,0,0,0,0,0,1,20211103,20230301
20288,0,0,0,0,0,1,0,20220307,20230301
20165,1,1,1,1,1,0,0,20220301,20230301
20289,0,0,0,0,0,0,1,20220307,20230301
19637,1,1,1,1,1,0,0,20211111,20230301
18924,0,0,0,0,0,1,0,20210816,20230301
18925,0,0,0,0,0,0,1,20210816,20230301
20378,0,0,0,0,0,1,0,20220321,20230301
20379,0,0,0,0,0,0,1,20220321,20230301
20386,1,1,1,1,1,0,0,20220314,20230301
18927,0,0,0,0,0,1,1,20210816,20230301
20313,1,1,1,1,1,0,0,20220314,20230301
19855,0,0,0,0,0,1,0,20211030,20230301
19856,0,0,0,0,0,0,1,20211030,20230301
20291,1,1,1,1,1,0,0,20220307,20230301
20097,0,0,0,0,0,1,0,20220210,20230301
20098,0,0,0,0,0,0,1,20220210,20230301
20380,0,0,0,0,0,1,0,20220321,20230301
20381,0,0,0,0,0,0,1,20220321,20230301
20387,1,1,1,1,1,0,0,20220307,20230301
19006,1,1,1,1,1,0,0,20210901,20230301
19007,0,0,0,0,0,1,0,20210901,20230301
19008,0,0,0,0,0,0,1,20210901,20230301
20350,1,1,1,1,1,0,0,20220321,20230301
20354,0,0,0,0,0,1,1,20220321,20230301
19933,1,1,1,1,1,0,0,20220117,20230301
18655,0,0,0,0,0,1,0,20210611,20230301
19414,0,0,0,0,0,0,1,20210611,20230301
18560,1,1,1,1,1,0,0,20210604,20230301
18561,0,0,0,0,0,1,0,20210604,20230301
18562,0,0,0,0,0,0,1,20210604,20230301
20292,1,1,1,1,1,0,0,20220307,20230301
20169,0,0,0,0,0,1,0,20220301,20230301
20170,0,0,0,0,0,0,1,20220301,20230301
19074,1,1,1,1,1,0,0,20210901,20230301
18986,0,0,0,0,0,1,0,20210816,20230301
19830,0,0,0,0,0,0,1,20210816,20230301
20025,0,0,0,0,0,0,1,20220207,20230301
20042,1,1,1,1,1,0,0,20220117,20230301
19816,0,0,0,0,0,1,0,20211206,20230301
20060,1,1,1,1,1,0,0,20220207,20230301
20070,0,0,0,0,0,1,0,20200620,20230301
20071,0,0,0,0,0,0,1,20200620,20230301
20192,1,1,1,1,1,0,0,20220301,20230301
20217,0,0,0,0,0,0,1,20220119,20230301
20216,0,0,0,0,0,1,0,20211213,20230301
19718,1,1,1,1,1,0,0,20211124,20230301
19075,0,0,0,0,0,1,0,20210901,20230301
19076,0,0,0,0,0,0,1,20210901,20230301
19638,1,1,1,1,1,0,0,20211111,20230301
19490,0,0,0,0,0,1,0,20211018,20230301
19491,0,0,0,0,0,0,1,20211018,20230301
19639,1,1,1,1,1,0,0,20211111,20230301
18699,0,0,0,0,0,1,0,20210626,20230301
18700,0,0,0,0,0,0,1,20210626,20230301
20171,1,1,1,1,1,0,0,20220301,20230301
18702,0,0,0,0,0,1,0,20210626,20230301
18703,0,0,0,0,0,0,1,20210626,20230301
19492,1,1,1,1,1,0,0,20211018,20230301
19493,0,0,0,0,0,1,0,20211018,20230301
19494,0,0,0,0,0,0,1,20211018,20230301
20351,1,1,1,1,1,0,0,20220321,20230301
19104,0,0,0,0,0,1,0,20220321,20230301
19103,0,0,0,0,0,1,0,20220321,20230301
20357,0,0,0,0,0,0,1,20220321,20230301
19141,1,1,1,1,1,0,0,20210901,20230301
19191,0,0,0,0,0,1,0,20210522,20230301
19192,0,0,0,0,0,0,1,20210522,20230301
20179,1,1,1,1,1,0,0,20220301,20230301
20196,0,0,0,0,0,1,0,20201104,20230301
20197,0,0,0,0,0,0,1,20201104,20230301
19444,1,1,1,1,1,0,0,20211018,20230301
19458,0,0,0,0,0,1,0,20210816,20230301
19459,0,0,0,0,0,0,1,20210816,20230301
20314,1,1,1,1,1,0,0,20220314,20230301
20317,1,1,1,1,1,0,0,20220314,20230301
20320,1,1,1,1,1,0,0,20220314,20230301
19533,0,0,0,0,0,0,1,20211018,20230301
19516,0,0,0,0,0,1,0,20210710,20230301
20061,1,1,1,1,1,0,0,20220207,20230301
20078,0,0,0,0,0,1,0,20210611,20230301
20079,0,0,0,0,0,0,1,20210611,20230301
20108,0,0,0,0,0,1,1,20220210,20230301
20128,1,1,1,1,1,0,0,20220207,20230301
18708,1,1,1,1,1,0,0,20210626,20230301
18381,0,0,0,0,0,0,1,20210510,20230301
18640,0,0,0,0,0,1,0,20201104,20230301
20215,1,1,1,1,1,0,0,20220301,20230301
20218,0,0,0,0,0,1,1,20201222,20230301
19214,1,1,1,1,1,0,0,20210901,20230301
18661,0,0,0,0,0,1,0,20210611,20230301
18662,0,0,0,0,0,0,1,20210611,20230301
19143,1,1,1,1,1,0,0,20210901,20230301
19144,0,0,0,0,0,1,0,20210901,20230301
19145,0,0,0,0,0,0,1,20210901,20230301
19025,1,1,1,1,1,0,0,20210901,20230301
19026,0,0,0,0,0,1,0,20210901,20230301
19027,0,0,0,0,0,0,1,20210901,20230301
19989,1,1,1,1,1,0,0,20220124,20230301
19920,0,0,0,0,0,1,1,20220117,20230301
20172,1,1,1,1,1,0,0,20220301,20230301
19029,0,0,0,0,0,1,0,20210901,20230301
19030,0,0,0,0,0,0,1,20210901,20230301
20173,1,1,1,1,1,0,0,20220301,20230301
18583,0,0,0,0,0,1,0,20210604,20230301
18584,0,0,0,0,0,0,1,20210604,20230301
20315,1,1,1,1,1,0,0,20220314,20230301
18713,0,0,0,0,0,1,0,20210626,20230301
20330,0,0,0,0,0,0,1,20210626,20230301
20316,1,1,1,1,1,0,0,20220314,20230301
19801,0,0,0,0,0,1,0,20210626,20230301
20332,0,0,0,0,0,0,1,20210626,20230301
18591,1,1,1,1,1,0,0,20210604,20230301
18592,0,0,0,0,0,1,0,20210604,20230301
18593,0,0,0,0,0,0,1,20210604,20230301
20193,0,0,0,0,0,1,0,20220301,20230301
20194,0,0,0,0,0,0,1,20220301,20230301
20219,1,1,1,1,1,0,0,20211213,20230301
19640,1,1,1,1,1,0,0,20211111,20230301
18720,0,0,0,0,0,1,1,20210626,20230301
19035,0,0,0,0,0,1,0,20210901,20230301
20334,0,0,0,0,0,0,1,20210901,20230301
19865,0,0,0,0,0,1,0,20211213,20230301
19866,0,0,0,0,0,0,1,20211213,20230301
19607,1,1,1,1,1,0,0,20211018,20230301
20318,1,1,1,1,1,0,0,20220314,20230301
19499,0,0,0,0,0,1,0,20211018,20230301
19500,0,0,0,0,0,0,1,20211018,20230301
19852,1,1,1,1,1,0,0,20211213,20230301
19857,0,0,0,0,0,1,0,20211004,20230301
19858,0,0,0,0,0,0,1,20211004,20230301
20319,1,1,1,1,1,0,0,20220314,20230301
19038,0,0,0,0,0,1,0,20210901,20230301
19039,0,0,0,0,0,0,1,20210901,20230301
18600,1,1,1,1,1,0,0,20210604,20230301
18601,0,0,0,0,0,1,0,20210604,20230301
18602,0,0,0,0,0,0,1,20210604,20230301
20099,1,1,1,1,1,0,0,20220210,20230301
20100,0,0,0,0,0,1,0,20220210,20230301
20101,0,0,0,0,0,0,1,20220210,20230301
19043,1,1,1,1,1,0,0,20210901,20230301
19044,0,0,0,0,0,1,0,20210901,20230301
19045,0,0,0,0,0,0,1,20210901,20230301
19359,1,1,1,1,1,0,0,20211004,20230301
17177,0,0,0,0,0,1,1,20201101,20230301
19046,1,1,1,1,1,0,0,20210901,20230301
18642,0,0,0,0,0,1,1,20200516,20230301
20382,1,1,1,1,1,0,0,20220321,20230301
20175,0,0,0,0,0,1,0,20220301,20230301
20176,0,0,0,0,0,0,1,20220301,20230301
19445,1,1,1,1,1,0,0,20211018,20230301
19460,0,0,0,0,0,1,0,20201003,20230301
19461,0,0,0,0,0,0,1,20201003,20230301
19720,1,1,1,1,1,0,0,20211124,20230301
19424,0,0,0,0,0,1,0,20211004,20230301
19425,0,0,0,0,0,0,1,20211004,20230301
18611,0,0,0,0,0,1,0,20210604,20230301
18612,0,0,0,0,0,0,1,20210604,20230301
20064,1,1,1,1,1,0,0,20220207,20230301
20074,0,0,0,0,0,1,0,20210901,20230301
20075,0,0,0,0,0,0,1,20210901,20230301
19821,1,1,1,1,1,0,0,20211206,20230301
19822,0,0,0,0,0,1,0,20211206,20230301
19820,0,0,0,0,0,0,1,20211206,20230301
19201,1,1,1,1,1,0,0,20210901,20230301
19203,0,0,0,0,0,1,0,20210626,20230301
19204,0,0,0,0,0,0,1,20210510,20230301
20003,1,1,1,1,1,0,0,20220201,20230301
20004,0,0,0,0,0,1,0,20211018,20230301
20005,0,0,0,0,0,0,1,20211018,20230301
19363,1,1,1,1,1,0,0,20211004,20230301
19528,0,0,0,0,0,0,1,20210301,20230301
19308,1,1,1,1,1,0,0,20210920,20230301
18734,0,0,0,0,0,1,1,20210626,20230301
19273,1,1,1,1,1,0,0,20210913,20230301
20321,1,1,1,1,1,0,0,20220314,20230301
19669,0,0,0,0,0,1,0,20211120,20230301
20340,0,0,0,0,0,0,1,20211120,20230301
19052,1,1,1,1,1,0,0,20210901,20230301
16922,0,0,0,0,0,1,0,20201003,20230301
16194,0,0,0,0,0,0,1,20200620,20230301
19867,1,1,1,1,1,0,0,20211213,20230301
19868,0,0,0,0,0,1,0,20211213,20230301
19869,0,0,0,0,0,0,1,20211213,20230301
20102,1,1,1,1,1,0,0,20220210,20230301
20103,0,0,0,0,0,1,0,20220210,20230301
20104,0,0,0,0,0,0,1,20220210,20230301
19709,1,1,1,1,1,0,0,20211124,20230301
19915,0,0,0,0,0,0,1,20210110,20230301
19714,0,0,0,0,0,1,0,20201119,20230301
20177,1,1,1,1,1,0,0,20220301,20230301
16727,0,0,0,0,0,1,0,20200901,20230301
16728,0,0,0,0,0,0,1,20200901,20230301
19151,1,1,1,1,1,0,0,20210901,20230301
19199,0,0,0,0,0,1,0,20201104,20230301
19200,0,0,0,0,0,0,1,20201104,20230301
20322,1,1,1,1,1,0,0,20220314,20230301
19056,0,0,0,0,0,1,0,20210901,20230301
19057,0,0,0,0,0,0,1,20210901,20230301
19642,1,1,1,1,1,0,0,20211111,20230301
19506,0,0,0,0,0,1,0,20211018,20230301
19507,0,0,0,0,0,0,1,20211018,20230301
19508,1,1,1,1,1,0,0,20211018,20230301
19509,0,0,0,0,0,1,0,20211018,20230301
19510,0,0,0,0,0,0,1,20211018,20230301
19643,1,1,1,1,1,0,0,20211111,20230301
19512,0,0,0,0,0,1,1,20211018,20230301
20284,0,0,0,0,0,1,1,20220311,20230301
20304,1,1,1,1,1,0,0,20220301,20230301
20383,1,1,1,1,1,0,0,20220321,20230301
20384,0,0,0,0,0,1,1,20220321,20230301
20285,1,1,1,1,1,0,0,20220307,20230301
20286,0,0,0,0,0,1,1,20210901,20230301
20385,1,1,1,1,1,0,0,20220321,20230301
19067,0,0,0,0,0,1,0,20210901,20230301
19068,0,0,0,0,0,0,1,20210901,20230301
19297,1,1,1,1,1,0,0,20210920,20230301
16212,0,0,0,0,0,1,1,20200620,20230301
20111,1,1,1,1,1,1,1,20220210,20230301
19446,1,1,1,1,1,0,0,20211018,20230301
19462,0,0,0,0,0,1,0,20210901,20230301
19463,0,0,0,0,0,0,1,20210901,20230301
20343,1,1,1,1,1,0,0,20220314,20230301
20345,0,0,0,0,0,1,0,20210901,20230301
20199,0,0,0,0,0,0,1,20210901,20230301
20181,1,1,1,1,1,0,0,20220301,20230301
20200,0,0,0,0,0,1,0,20210901,20230301
20201,0,0,0,0,0,0,1,20210901,20230301
20360,1,1,1,1,1,0,0,20220321,20230301
20363,1,1,1,1,1,0,0,20220321,20230301
20366,0,0,0,0,0,1,0,20210901,20230301
20367,0,0,0,0,0,0,1,20211213,20230301
20361,1,1,1,1,1,0,0,20220321,20230301
20368,0,0,0,0,0,1,0,20220301,20230301
20369,0,0,0,0,0,0,1,20220301,20230301
20185,1,1,1,1,1,0,0,20220301,20230301
20212,0,0,0,0,0,1,0,20210901,20230301
20214,0,0,0,0,0,0,1,20210901,20230301
20186,1,1,1,1,1,0,0,20220301,20230301
20205,0,0,0,0,0,1,0,20210901,20230301
20206,0,0,0,0,0,0,1,20210901,20230301
20362,1,1,1,1,1,0,0,20220321,20230301
20370,0,0,0,0,0,1,0,20210901,20230301
20371,0,0,0,0,0,0,1,20210901,20230301
20187,0,0,0,0,0,1,0,20220301,20230301
20188,0,0,0,0,0,0,1,20220301,20230301
20207,1,1,1,1,1,0,0,20211018,20230301
19453,1,1,1,1,1,0,0,20211018,20230301
20364,1,1,1,1,1,0,0,20220321,20230301
20372,0,0,0,0,0,1,0,20211201,20230301
20373,0,0,0,0,0,0,1,20211201,20230301
20344,1,1,1,1,1,0,0,20220314,20230301
19795,0,0,0,0,0,1,0,20210901,20230301
19184,0,0,0,0,0,0,1,20210901,20230301
19930,1,1,1,1,1,0,0,20220117,20230301
19471,0,0,0,0,0,1,0,20210901,20230301
19209,0,0,0,0,0,0,1,20210510,20230301
20365,1,1,1,1,1,0,0,20220321,20230301
20374,0,0,0,0,0,1,0,20210901,20230301
20375,0,0,0,0,0,0,1,20210901,20230301
19456,1,1,1,1,1,0,0,20211018,20230301
19457,1,1,1,1,1,0,0,20211018,20230301