service_id,monday,tuesday,wednesday,thursday,friday,saturday,sunday,start_date,end_date
29223,1,1,1,1,1,0,0,20200326,20210301
29148,0,0,0,0,0,1,0,20200319,20210301
29201,0,0,0,0,0,0,1,20200319,20210301
27404,0,0,0,0,0,1,1,20191201,20210301
28980,0,0,0,0,0,1,0,20200319,20210301
29195,1,1,1,1,1,0,0,20200326,20210301
28861,1,1,1,1,1,0,0,20200319,20210301
29185,1,1,1,1,1,0,0,20200326,20210301
29233,0,0,0,0,0,1,0,20200319,20210301
28945,1,1,1,1,1,0,0,20200319,20210301
28866,1,1,1,1,1,0,0,20200319,20210301
29239,0,0,0,0,0,1,0,20200319,20210301
28937,1,1,1,1,1,0,0,20200319,20210301
28944,0,0,0,0,0,0,1,20200319,20210301
29171,1,1,1,1,1,0,0,20200326,20210301
29238,1,1,1,1,1,0,0,20200326,20210301
29183,1,1,1,1,1,0,0,20200326,20210301
29242,0,0,0,0,0,1,0,20200319,20210301
29179,1,1,1,1,1,0,0,20200326,20210301
29172,0,0,0,0,0,1,1,20200319,20210301
29011,0,0,0,0,0,0,1,20200319,20210301
28667,0,0,0,0,0,1,0,20191201,20210301
27432,0,0,0,0,0,0,1,20191201,20210301
28889,0,0,0,0,0,1,0,20200319,20210301
28888,1,1,1,1,1,0,0,20200319,20210301
28969,0,0,0,0,0,0,1,20200319,20210301
29170,0,0,0,0,0,0,1,20200319,20210301
27492,0,0,0,0,0,1,1,20191201,20210301
29019,0,0,0,0,0,1,0,20200319,20210301
29022,0,0,0,0,0,1,1,20200319,20210301
28968,0,0,0,0,0,1,0,20200319,20210301
28952,0,0,0,0,0,1,0,20200319,20210301
25124,1,1,1,1,1,0,0,20190901,20201101
27575,0,0,0,0,0,0,1,20191201,20210301
29055,1,1,1,1,1,0,0,20200320,20210301
27619,0,0,0,0,0,1,0,20191201,20210301
23563,0,0,0,0,0,1,0,20190622,20201101
28129,0,0,0,0,0,1,0,20200101,20210301
24975,0,0,0,0,0,0,1,20190909,20201101
23708,1,1,1,1,1,0,0,20190622,20201101
23697,1,1,1,1,1,0,0,20190622,20200801
23738,1,1,1,1,1,0,0,20190622,20200801
19560,0,0,0,0,0,1,0,20181208,20200601
25009,1,1,1,1,1,0,0,20190901,20201101
27419,1,1,1,1,1,0,0,20191201,20210301
23736,0,0,0,0,0,1,0,20190622,20200801
27423,0,0,0,0,0,1,0,20191201,20201201
29061,1,1,1,1,1,0,0,20200319,20210301
21092,0,0,0,0,0,1,1,20190301,20200601
23696,0,0,0,0,0,0,1,20190622,20201101
22264,0,0,0,0,0,0,1,20190424,20200601
24992,0,0,0,0,0,0,1,20190909,20210301
21098,0,0,0,0,0,1,0,20190301,20200601
25148,0,0,0,0,0,0,1,20191103,20201101
21067,0,0,0,0,0,1,1,20190616,20200601
24980,0,0,0,0,0,1,0,20190901,20210301
25099,0,0,0,0,0,1,0,20190901,20201101
21051,0,0,0,0,0,1,1,20190301,20200401
27613,0,0,0,0,0,1,0,20191201,20210301
21847,1,1,1,1,1,0,0,20190401,20200601
27573,1,1,1,1,1,0,0,20191201,20210301
27508,0,0,0,0,0,1,0,20191201,20210301
28993,0,0,0,0,0,1,0,20200319,20210301
20739,0,0,0,0,0,0,1,20190209,20200601
25051,0,0,0,0,0,0,1,20190901,20200901
27517,0,0,0,0,0,1,0,20191201,20210301
23531,0,0,0,0,0,1,0,20190622,20200801
19117,1,1,1,1,1,0,0,20181201,20200601
25003,1,1,1,1,1,0,0,20190901,20201101
21096,0,0,0,0,0,0,1,20190301,20200601
23750,0,0,0,0,0,0,1,20190622,20200801
22002,1,1,1,1,1,0,0,20190301,20200601
21477,1,1,1,1,1,0,0,20190323,20200601
28267,0,0,0,0,0,0,1,20200106,20210301
25022,0,0,0,0,0,1,0,20190901,20201101
17945,0,0,0,0,0,1,0,20180804,20200601
24974,0,0,0,0,0,1,0,20190901,20201101
21103,1,1,1,1,1,0,0,20181201,20200601
19130,1,1,1,1,1,0,0,20181201,20200601
27429,0,0,0,0,0,1,1,20191201,20210301
25085,1,1,1,1,1,0,0,20190901,20201101
28832,0,0,0,0,0,0,1,20200319,20210301
27604,0,0,0,0,0,0,1,20191201,20210301
21839,0,0,0,0,0,0,1,20190401,20200601
21043,0,0,0,0,0,1,0,20190301,20200601
27461,1,1,1,1,1,0,0,20191201,20210301
23695,0,0,0,0,0,1,0,20190622,20201101
25720,1,1,1,1,1,0,0,20190928,20201001
24951,1,1,1,1,1,0,0,20190901,20201101
27466,0,0,0,0,0,0,1,20191201,20210301
23600,1,1,1,1,1,0,0,20190622,20200801
23631,0,0,0,0,0,0,1,20190622,20201101
25024,1,1,1,1,1,0,0,20190901,20201001
25102,1,1,1,1,1,0,0,20190901,20200901
24971,1,1,1,1,1,0,0,20190901,20201101
16903,0,0,0,0,0,0,1,20180901,20200601
25286,0,0,0,0,0,1,1,20190901,20200901
27391,1,1,1,1,1,0,0,20191201,20210101
18523,1,1,1,1,1,0,0,20181101,20200601
25406,0,0,0,0,0,1,1,20190909,20201101
27538,1,1,1,1,1,0,0,20191202,20201201
19542,0,0,0,0,0,1,0,20181208,20201101
21003,1,1,1,1,1,0,0,20190301,20200601
27593,1,1,1,1,1,0,0,20191201,20210301
23635,1,1,1,1,1,0,0,20190622,20200801
21105,0,0,0,0,0,0,1,20181201,20200601
27440,1,1,1,1,1,0,0,20191201,20210301
21029,0,0,0,0,0,1,0,20190301,20200601
27539,0,0,0,0,0,1,0,20191202,20201201
23648,0,0,0,0,0,1,1,20190622,20200801
21082,0,0,0,0,0,0,1,20190301,20200601
16976,0,0,0,0,0,1,0,20180901,20200601
25015,1,1,1,1,1,0,0,20190901,20201101
27635,0,0,0,0,0,1,0,20191201,20210301
19518,0,0,0,0,0,0,1,20181208,20200601
24977,0,0,0,0,0,1,1,20190907,20201101
23645,0,0,0,0,0,1,0,20190622,20200801
23577,0,0,0,0,0,1,0,20190622,20201101
28982,0,0,0,0,0,1,0,20200319,20210301
25722,1,1,1,1,1,0,0,20190928,20201101
27582,1,1,1,1,1,0,0,20191201,20201201
27637,1,1,1,1,1,0,0,20191201,20210301
28833,1,1,1,1,1,0,0,20200320,20210301
14194,0,0,0,0,0,1,1,20180414,20200601
13581,0,0,0,0,0,1,0,20180310,20200601
18536,0,0,0,0,0,0,1,20181101,20200601
18224,0,0,0,0,0,0,1,20181020,20200801
24986,0,0,0,0,0,1,1,20190909,20210301
23710,1,1,1,1,1,1,1,20190622,20210301
19516,1,1,1,1,1,0,0,20181208,20200601
23707,0,0,0,0,0,0,1,20190622,20200801
24949,0,0,0,0,0,1,0,20190929,20201101
26589,0,0,0,0,0,1,0,20191101,20201101
28874,0,0,0,0,0,0,1,20200319,20210301
28537,0,0,0,0,0,1,1,20200125,20210301
27564,1,1,1,1,1,0,0,20191201,20210301
21061,1,1,1,1,1,0,0,20190301,20200601
29049,0,0,0,0,0,1,0,20200319,20210301
23678,0,0,0,0,0,0,1,20190622,20201101
23578,0,0,0,0,0,0,1,20190909,20201101
25731,1,1,1,1,1,0,0,20190901,20201101
24069,0,0,0,0,0,0,1,20190702,20200901
24997,1,1,1,1,1,0,0,20190901,20201101
28830,1,1,1,1,1,0,0,20200320,20210301
21054,0,0,0,0,0,0,1,20190301,20200401
28127,0,0,0,0,0,1,0,20191201,20210101
27400,1,1,1,1,1,0,0,20191201,20201201
18533,1,1,1,1,1,0,0,20181101,20200601
27467,1,1,1,1,1,0,0,20191201,20210301
28139,0,0,0,0,0,0,1,20200101,20210301
27625,0,0,0,0,0,1,0,20191201,20210301
25713,1,1,1,1,1,0,0,20190928,20201101
27591,1,1,1,1,1,0,0,20191201,20210301
25104,0,0,0,0,0,0,1,20190909,20200901
23742,0,0,0,0,0,1,0,20190622,20200801
23675,0,0,0,0,0,0,1,20190622,20200801
23508,0,0,0,0,0,1,0,20190622,20200801
23553,1,1,1,1,1,0,0,20190622,20200801
23757,1,1,1,1,1,0,0,20190622,20200801
28538,1,1,1,1,1,0,0,20200125,20210301
23634,0,0,0,0,0,0,1,20190622,20200801
23548,1,1,1,1,1,0,0,20190622,20200801
25721,1,1,1,1,1,0,0,20190928,20201101
25017,0,0,0,0,0,0,1,20190901,20201101
27457,0,0,0,0,0,0,1,20191201,20201201
27428,1,1,1,1,1,0,0,20191201,20210301
23691,1,1,1,1,1,0,0,20190622,20200801
24976,1,1,1,1,1,0,0,20190901,20201101
25128,0,0,0,0,0,1,0,20190901,20201101
28961,1,1,1,1,1,0,0,20200319,20210301
27574,0,0,0,0,0,1,0,20191201,20210301
27895,0,0,0,0,0,0,1,20191215,20210301
27448,0,0,0,0,0,0,1,20191201,20210301
29048,1,1,1,1,1,0,0,20200320,20210301
23650,0,0,0,0,0,1,0,20190622,20200801
27536,0,0,0,0,0,1,0,20191201,20210301
25020,0,0,0,0,0,0,1,20190909,20201101
28846,0,0,0,0,0,1,0,20200319,20210301
25061,0,0,0,0,0,1,1,20190909,20200901
21854,1,1,1,1,1,0,0,20190301,20200601
25115,1,1,1,1,1,0,0,20190901,20201101
29026,1,1,1,1,1,0,0,20200320,20210301
27481,0,0,0,0,0,1,0,20191206,20210301
27891,0,0,0,0,0,1,0,20191215,20210301
27590,0,0,0,0,0,1,1,20191201,20201201
21848,1,1,1,1,1,0,0,20190301,20200601
27407,0,0,0,0,0,0,1,20191202,20201201
24076,0,0,0,0,0,1,0,20190702,20200801
29012,1,1,1,1,1,0,0,20200319,20210301
27607,0,0,0,0,0,1,0,20191201,20210301
25014,0,0,0,0,0,0,1,20190901,20201101
23512,0,0,0,0,0,0,1,20190622,20201101
25008,0,0,0,0,0,1,1,20190901,20200801
27507,1,1,1,1,1,0,0,20191201,20210301
21868,1,1,1,1,1,0,0,20190301,20200401
25023,0,0,0,0,0,0,1,20190901,20201101
27638,0,0,0,0,0,1,0,20191201,20210301
23568,1,1,1,1,1,0,0,20190622,20201101
25029,0,0,0,0,0,0,1,20190901,20201001
29204,0,0,0,0,0,0,1,20200319,20210301
29219,1,1,1,1,1,0,0,20200326,20210301
29216,1,1,1,1,1,0,0,20200326,20210301
28974,0,0,0,0,0,1,0,20200319,20210301
29160,1,1,1,1,1,0,0,20200326,20210301
29157,1,1,1,1,1,0,0,20200326,20210301
28977,0,0,0,0,0,1,0,20191201,20210301
29164,0,0,0,0,0,1,0,20200319,20210301
29166,1,1,1,1,1,0,0,20200326,20210301
28137,1,1,1,1,1,0,0,20200101,20210301
29190,1,1,1,1,1,0,0,20200326,20210301
28837,0,0,0,0,0,1,0,20200319,20210301
29053,0,0,0,0,0,1,0,20200319,20210301
29232,1,1,1,1,1,0,0,20200326,20210301
28912,0,0,0,0,0,0,1,20200319,20210301
28950,0,0,0,0,0,0,1,20200319,20210301
28946,0,0,0,0,0,1,0,20190901,20210301
28930,0,0,0,0,0,0,1,20200101,20210301
29169,0,0,0,0,0,1,0,20200319,20210301
28131,1,1,1,1,1,0,0,20200101,20210301
29220,1,1,1,1,1,0,0,20200326,20210301
28905,0,0,0,0,0,1,0,20200319,20210301
28995,1,1,1,1,1,0,0,20200319,20210301
29208,0,0,0,0,0,0,1,20200323,20210301
29015,0,0,0,0,0,1,1,20200319,20210301
28887,0,0,0,0,0,0,1,20200319,20210301
29241,1,1,1,1,1,0,0,20200326,20210301
29178,0,0,0,0,0,0,1,20200319,20210301
28936,0,0,0,0,0,0,1,20200319,20210301
29209,1,1,1,1,1,0,0,20200326,20210301
28878,1,1,1,1,1,0,0,20200319,20210301
28900,1,1,1,1,1,0,0,20200319,20210301
29247,0,0,0,0,0,1,0,20200319,20210301
29017,0,0,0,0,0,1,1,20200319,20210301
29008,0,0,0,0,0,0,1,20200319,20210301
28890,0,0,0,0,0,0,1,20200319,20210301
28902,1,1,1,1,1,0,0,20200319,20210301
29225,0,0,0,0,0,0,1,20200319,20210301
28914,0,0,0,0,0,1,1,20200319,20210301
29194,1,1,1,1,1,0,0,20200319,20210301
19501,0,0,0,0,0,1,0,20181208,20200601
23739,0,0,0,0,0,1,0,20190622,20200801
19543,0,0,0,0,0,0,1,20181208,20201101
23636,0,0,0,0,0,1,0,20190622,20200801
16944,0,0,0,0,0,1,0,20181125,20200601
28893,1,1,1,1,1,0,0,20200319,20210301
23623,0,0,0,0,0,1,1,20190622,20200901
25725,1,1,1,1,1,0,0,20190928,20201101
23729,1,1,1,1,1,0,0,20190622,20200801
25031,1,1,1,1,1,0,0,20190901,20201101
24991,0,0,0,0,0,1,0,20190901,20210301
22003,0,0,0,0,0,1,0,20190301,20200601
19098,0,0,0,0,0,0,1,20181201,20200601
21076,0,0,0,0,0,1,0,20190301,20200601
23746,0,0,0,0,0,0,1,20190622,20200801
23613,0,0,0,0,0,1,0,20190622,20200801
23737,0,0,0,0,0,0,1,20190622,20200801
28953,1,1,1,1,1,0,0,20200319,20210301
21081,0,0,0,0,0,1,0,20190301,20200601
21015,0,0,0,0,0,0,1,20190301,20200601
23534,0,0,0,0,0,1,0,20190622,20200801
19556,0,0,0,0,0,0,1,20181208,20200601
23505,0,0,0,0,0,1,0,20190622,20201101
28869,1,1,1,1,1,0,0,20200319,20210301
19555,0,0,0,0,0,1,0,20181208,20200601
28824,1,1,1,1,1,0,0,20200320,20210301
23571,0,0,0,0,0,1,0,20190622,20200801
27623,0,0,0,0,0,0,1,20191201,20210301
23532,0,0,0,0,0,0,1,20190622,20200801
27519,1,1,1,1,1,0,0,20191201,20210301
24999,0,0,0,0,0,1,0,20190901,20201101
27455,1,1,1,1,1,0,0,20191201,20201201
28870,0,0,0,0,0,1,0,20200319,20210301
23226,0,0,0,0,0,0,1,20181201,20200601
23609,1,1,1,1,1,0,0,20190622,20200801
22263,0,0,0,0,0,1,0,20190424,20200601
27401,0,0,0,0,0,1,0,20191201,20201201
23599,0,0,0,0,0,0,1,20190622,20200801
19520,1,1,1,1,1,0,0,20181208,20200601
25077,0,0,0,0,0,0,1,20190901,20201101
24978,1,1,1,1,1,0,0,20190901,20201101
23633,0,0,0,0,0,1,0,20190622,20200801
27422,1,1,1,1,1,0,0,20191201,20201201
18500,0,0,0,0,0,0,1,20181101,20200601
19532,1,1,1,1,1,0,0,20181208,20200601
25078,1,1,1,1,1,0,0,20190901,20201101
23640,0,0,0,0,0,0,1,20190622,20200801
24957,1,1,1,1,1,0,0,20190901,20201101
29040,0,0,0,0,0,1,0,20200320,20210301
21869,0,0,0,0,0,1,0,20190301,20200401
23569,0,0,0,0,0,1,0,20190622,20201101
21087,0,0,0,0,0,1,0,20190301,20200401
28138,0,0,0,0,0,1,0,20200101,20210301
27386,0,0,0,0,0,1,0,20191201,20210301
27501,0,0,0,0,0,0,1,20191201,20210301
27510,1,1,1,1,1,0,0,20191201,20201201
20738,0,0,0,0,0,1,0,20190616,20200601
23688,1,1,1,1,1,0,0,20190622,20200801
25121,1,1,1,1,1,0,0,20190901,20200901
18525,0,0,0,0,0,0,1,20181101,20200601
19527,0,0,0,0,0,1,0,20181208,20200601
27483,1,1,1,1,1,0,0,20191201,20210301
21013,1,1,1,1,1,0,0,20190301,20200601
23619,0,0,0,0,0,1,0,20190622,20201101
23560,0,0,0,0,0,1,0,20190622,20200801
25717,0,0,0,0,0,0,1,20190622,20201101
24067,1,1,1,1,1,0,0,20190702,20200901
25408,0,0,0,0,0,1,0,20190909,20201101
21024,1,1,1,1,1,0,0,20190301,20200801
19558,0,0,0,0,0,0,1,20181208,20200601
25709,1,1,1,1,1,0,0,20190928,20210301
25727,0,0,0,0,0,1,1,20190922,20201101
27459,0,0,0,0,0,1,0,20191201,20210301
24068,0,0,0,0,0,1,0,20190702,20200901
23727,0,0,0,0,0,1,0,20190622,20200801
25146,1,1,1,1,1,0,0,20190901,20201101
29064,1,1,1,1,1,0,0,20200320,20210301
25037,0,0,0,0,0,0,1,20190901,20201101
19111,1,1,1,1,1,0,0,20181201,20200601
25133,1,1,1,1,1,0,0,20190909,20201101
23595,0,0,0,0,0,1,1,20190622,20200601
17942,0,0,0,0,0,1,0,20180310,20200601
25107,0,0,0,0,0,0,1,20190901,20201101
25409,0,0,0,0,0,0,1,20190909,20201101
19559,1,1,1,1,1,0,0,20181208,20200601
27576,1,1,1,1,1,0,0,20191201,20210301
19500,1,1,1,1,1,0,0,20181208,20200601
24994,0,0,0,0,0,1,0,20190901,20201101
21844,1,1,1,1,1,0,0,20190401,20200601
23639,0,0,0,0,0,1,0,20190622,20200801
25150,0,0,0,0,0,1,0,20190901,20201101
27640,1,1,1,1,1,0,0,20191201,20210301
27577,0,0,0,0,0,1,0,20191201,20210301
24983,0,0,0,0,0,1,0,20190901,20201101
23657,0,0,0,0,0,0,1,20190622,20200801
28534,0,0,0,0,0,1,1,20191201,20210301
23630,0,0,0,0,0,1,0,20190622,20201101
29033,1,1,1,1,1,0,0,20200320,20210301
23647,1,1,1,1,1,0,0,20190622,20200801
28845,1,1,1,1,1,0,0,20200319,20210301
21104,0,0,0,0,0,1,0,20181201,20200601
27394,1,1,1,1,1,0,0,20191201,20210301
27496,1,1,1,1,1,0,0,20191201,20210101
27540,0,0,0,0,0,0,1,20191202,20201201
23536,1,1,1,1,1,0,0,20190622,20200701
27531,0,0,0,0,0,1,1,20191201,20210301
21059,0,0,0,0,0,1,0,20190301,20200601
14193,1,1,1,1,1,0,0,20180414,20200601
25043,0,0,0,0,0,0,1,20190909,20201101
18498,1,1,1,1,1,0,0,20181101,20200601
25130,1,1,1,1,1,0,0,20190901,20200901
25007,1,1,1,1,1,0,0,20190901,20200801
24985,1,1,1,1,1,0,0,20190901,20200901
19101,0,0,0,0,0,0,1,20181201,20200601
27469,0,0,0,0,0,0,1,20191201,20210301
13582,0,0,0,0,0,0,1,20180310,20200601
25112,0,0,0,0,0,1,0,20190901,20201101
23225,1,1,1,1,1,0,0,20190603,20200601
27565,0,0,0,0,0,1,0,20191201,20210301
25142,0,0,0,0,0,0,1,20190909,20201101
27529,0,0,0,0,0,1,1,20190901,20210101
28525,1,1,1,1,1,0,0,20200122,20210301
24807,0,0,0,0,0,0,1,20190821,20201101
21484,0,0,0,0,0,1,0,20190323,20200601
27450,0,0,0,0,0,1,0,20191201,20210301
27535,1,1,1,1,1,0,0,20191201,20210301
23690,0,0,0,0,0,0,1,20190622,20200801
25122,0,0,0,0,0,1,0,20191103,20201101
27521,0,0,0,0,0,0,1,20191201,20210301
23713,0,0,0,0,1,1,0,20190622,20210301
25083,0,0,0,0,0,0,1,20190901,20201101
27617,0,0,0,0,0,0,1,20191201,20210301
19528,0,0,0,0,0,0,1,20181208,20200601
27420,0,0,0,0,0,1,0,20190622,20210301
28849,0,0,0,0,0,1,1,20191215,20210301
19519,1,1,1,1,1,0,0,20181208,20200601
25016,0,0,0,0,0,1,0,20190901,20201101
27541,0,0,0,0,0,1,0,20191201,20210301
27542,0,0,0,0,0,0,1,20191201,20210301
24071,0,0,0,0,0,1,1,20190701,20200801
23741,1,1,1,1,1,0,0,20190622,20200801
29202,1,1,1,1,1,0,0,20200326,20210301
29197,0,0,0,0,0,1,0,20200328,20210301
29224,0,0,0,0,0,1,0,20200319,20210301
29229,1,1,1,1,1,0,0,20200326,20210301
28970,1,1,1,1,1,0,0,20200319,20210301
28979,1,1,1,1,1,0,0,20200319,20210301
29149,0,0,0,0,0,0,1,20200319,20210301
29153,1,1,1,1,1,0,0,20200326,20210301
28962,0,0,0,0,0,1,0,20200319,20210301
28949,0,0,0,0,0,1,0,20200319,20210301
28132,0,0,0,0,0,1,0,20200101,20210301
28852,0,0,0,0,0,0,1,20200319,20210301
28929,0,0,0,0,0,1,0,20200101,20210301
29168,1,1,1,1,1,0,0,20200326,20210301
29243,0,0,0,0,0,0,1,20200319,20210301
28951,1,1,1,1,1,0,0,20200319,20210301
29014,1,1,1,1,1,0,0,20200319,20210301
28666,0,0,0,0,0,0,1,20200101,20210301
28935,0,0,0,0,0,1,0,20200319,20210301
28934,1,1,1,1,1,0,0,20200319,20210301
29023,1,1,1,1,1,0,0,20200319,20210301
29167,0,0,0,0,0,1,1,20200326,20210301
28904,0,0,0,0,0,0,1,20200319,20210301
28933,0,0,0,0,0,0,1,20200319,20210301
28931,1,1,1,1,1,0,0,20200319,20210301
27491,1,1,1,1,1,0,0,20191201,20210301
28896,1,1,1,1,1,0,0,20200125,20210301
28884,0,0,0,0,0,0,1,20200319,20210301
28883,0,0,0,0,0,1,0,20200319,20210301
29025,0,0,0,0,0,0,1,20200319,20210301
28986,0,0,0,0,0,0,1,20191201,20210301
25707,0,0,0,0,0,0,1,20190901,20201101
16999,0,0,0,0,0,1,0,20180901,20200601
27599,1,1,1,1,1,0,0,20191201,20210301
21478,0,0,0,0,0,1,0,20190323,20200601
21093,1,1,1,1,1,0,0,20190301,20200601
23546,0,0,0,0,0,1,0,20190622,20200801
24073,0,0,0,0,0,1,0,20190702,20200901
23720,0,0,0,0,0,1,0,20190622,20200801
29058,1,1,1,1,1,0,0,20200319,20210301
28894,0,0,0,0,0,1,0,20200319,20210301
23555,0,0,0,0,0,0,1,20190622,20200801
24995,0,0,0,0,0,1,0,20190901,20201101
28848,1,1,1,1,1,0,0,20200320,20210301
21480,0,0,0,0,0,1,0,20190323,20200601
25091,0,0,0,0,0,0,1,20190901,20210301
27478,0,0,0,0,0,1,0,20191201,20210301
23655,1,1,1,1,1,0,0,20190622,20200801
29067,1,1,1,1,1,0,0,20200320,20210301
23605,0,0,0,0,0,0,1,20190622,20200801
24956,0,0,0,0,0,0,1,20190909,20201101
28135,0,0,0,0,0,1,0,20200101,20210301
27523,0,0,0,0,0,1,0,20191201,20210301
25108,1,1,1,1,1,0,0,20190901,20201101
27549,0,0,0,0,0,0,1,20191201,20210301
29042,1,1,1,1,1,0,0,20200319,20210301
21021,1,1,1,1,1,0,0,20190301,20200601
25053,0,0,0,0,0,1,0,20190622,20201001
19561,0,0,0,0,0,0,1,20181208,20200601
28876,0,0,0,0,0,1,0,20200319,20210301
23694,1,1,1,1,1,0,0,20190622,20201101
23566,0,0,0,0,0,1,0,20190622,20200801
21870,0,0,0,0,0,0,1,20190301,20200401
21085,0,0,0,0,0,0,1,20190301,20200601
29059,0,0,0,0,0,1,0,20200319,20210301
23559,1,1,1,1,1,0,0,20190622,20200801
27550,1,1,1,1,1,0,0,20191201,20210101
29027,0,0,0,0,0,1,0,20200319,20210301
23598,0,0,0,0,0,1,0,20190622,20200801
29068,0,0,0,0,0,1,1,20200319,20210301
25047,1,1,1,1,1,0,0,20190901,20201101
28958,1,1,1,1,1,0,0,20200319,20210301
26592,0,0,0,0,0,1,0,20191101,20201101
16975,1,1,1,1,1,0,0,20180901,20200601
24805,1,1,1,1,1,0,0,20190909,20201101
27615,1,1,1,1,1,0,0,20191201,20210301
25028,0,0,0,0,0,1,0,20190901,20201001
21837,1,1,1,1,1,0,0,20190401,20200601
29032,1,1,1,1,1,0,0,20200320,20210301
25069,1,1,1,1,1,0,0,20190901,20201101
25728,1,1,1,1,1,0,0,20190928,20201101
23520,0,0,0,0,0,1,0,20190622,20200801
15360,0,0,0,0,0,1,0,20180616,20200601
23622,1,1,1,1,1,0,0,20190622,20200801
23624,0,0,0,0,0,1,0,20190622,20201101
18524,0,0,0,0,0,1,0,20181101,20200601
25730,0,0,0,0,0,0,1,20190928,20210301
27443,1,1,1,1,1,0,0,20191201,20210301
23745,0,0,0,0,0,1,0,20190622,20200801
25052,1,1,1,1,1,0,0,20190622,20201001
23515,0,0,0,0,0,0,1,20190622,20200801
29034,0,0,0,0,0,1,0,20200319,20210301
29036,1,1,1,1,1,0,0,20200320,20210301
25002,1,1,1,1,1,0,0,20190901,20201101
23766,1,1,1,1,1,0,0,20190622,20200601
25081,1,1,1,1,1,0,0,20190901,20201101
27556,1,1,1,1,1,0,0,20191201,20210301
21032,0,0,0,0,0,1,0,20190301,20200601
23673,1,1,1,1,1,0,0,20190622,20200801
23628,0,0,0,0,0,0,1,20190622,20200801
21014,0,0,0,0,0,1,0,20190301,20200601
25055,1,1,1,1,1,0,0,20190901,20201101
21090,0,0,0,0,0,0,1,20190301,20200601
27586,0,0,0,0,0,1,1,20191201,20210301
25719,0,0,0,0,0,1,1,20190928,20201101
29041,0,0,0,0,0,0,1,20200319,20210301
29030,0,0,0,0,0,1,0,20200319,20210301
25138,0,0,0,0,0,1,0,20191103,20201101
27603,0,0,0,0,0,1,0,20191201,20210301
21089,1,1,1,1,1,0,0,20190301,20200801
23659,0,0,0,0,0,0,1,20190909,20201101
23671,0,0,0,0,0,1,0,20190622,20200801
27509,0,0,0,0,0,0,1,20191201,20210301
27886,0,0,0,0,0,1,0,20191215,20210301
27460,0,0,0,0,0,0,1,20191201,20210301
19562,1,1,1,1,1,0,0,20181208,20200601
19536,0,0,0,0,0,1,0,20181208,20200601
21005,0,0,0,0,0,0,1,20190301,20200601
19114,1,1,1,1,1,0,0,20181201,20200601
25086,1,1,1,1,1,0,0,20190901,20200901
28536,1,1,1,1,1,0,0,20200125,20210301
21046,0,0,0,0,0,0,1,20190301,20200601
27572,0,0,0,0,0,0,1,20191201,20210301
25071,0,0,0,0,0,0,1,20190909,20201101
25125,0,0,0,0,0,1,0,20190901,20201101
25718,1,1,1,1,1,0,0,20190928,20201101
26586,0,0,0,0,0,1,0,20191101,20201101
29056,0,0,0,0,0,1,0,20200319,20210301
17569,0,0,0,0,0,1,1,20180917,20200601
27528,1,1,1,1,1,0,0,20191201,20210101
23689,0,0,0,0,0,1,0,20190622,20200801
25065,1,1,1,1,1,0,0,20190901,20200901
27451,0,0,0,0,0,0,1,20191201,20210301
28843,0,0,0,0,0,1,0,20200319,20210301
21077,0,0,0,0,0,0,1,20190301,20200601
23754,1,1,1,1,1,0,0,20190622,20200801
28126,0,0,0,0,0,0,1,20200101,20210101
18534,1,1,1,1,1,0,0,20181101,20200601
21060,0,0,0,0,0,0,1,20190301,20200601
25143,1,1,1,1,1,0,0,20190901,20201101
22004,0,0,0,0,0,0,1,20190301,20200601
23718,0,0,0,0,0,0,1,20190622,20200801
23758,0,0,0,0,0,1,0,20190622,20200801
29045,1,1,1,1,1,0,0,20200320,20210301
23652,1,1,1,1,1,0,0,20190622,20200801
23523,0,0,0,0,0,1,1,20190622,20200801
23581,1,1,1,1,1,0,0,20190622,20200801
17752,0,0,0,0,0,1,0,20190615,20200601
23763,0,0,0,0,0,1,1,20190622,20200801
21042,1,1,1,1,1,0,0,20190301,20200601
18225,1,1,1,1,1,0,0,20181020,20200601
23550,1,1,1,1,1,0,0,20190622,20200801
27579,1,1,1,1,1,0,0,20191201,20210301
16936,0,0,0,0,0,1,0,20180901,20200601
21007,0,0,0,0,0,1,0,20190301,20200601
27548,0,0,0,0,0,1,0,20191201,20210301
23765,0,0,0,0,0,0,1,20190622,20200801
25109,0,0,0,0,0,1,0,20191103,20201101
21031,1,1,1,1,1,0,0,20190301,20200501
23567,0,0,0,0,0,0,1,20190622,20200801
15724,0,0,0,0,0,0,1,20180701,20200601
21999,1,1,1,1,1,0,0,20190301,20200601
25410,1,1,1,1,1,0,0,20190909,20201101
16998,1,1,1,1,1,0,0,20180901,20200601
24973,1,1,1,1,1,0,0,20190901,20201101
21039,1,1,1,1,1,0,0,20190301,20200601
23744,1,1,1,1,1,0,0,20190622,20200801
24075,1,1,1,1,1,0,0,20190702,20200801
25710,0,0,0,0,0,1,0,20190928,20201101
28875,1,1,1,1,1,0,0,20200319,20210301
24146,0,0,0,0,0,1,1,20190715,20200801
19116,0,0,0,0,0,0,1,20181201,20200601
25706,0,0,0,0,0,1,0,20190901,20201101
19091,0,0,0,0,0,0,1,20181201,20200601
25405,1,1,1,1,1,0,0,20190909,20200901
25027,1,1,1,1,1,0,0,20190901,20201001
27427,0,0,0,0,0,0,1,20191201,20210301
25067,1,1,1,1,1,0,0,20190901,20201101
25005,0,0,0,0,0,1,1,20190901,20201101
21086,1,1,1,1,1,0,0,20190301,20200401
21053,0,0,0,0,0,1,0,20190301,20200401
25118,1,1,1,1,1,0,0,20190901,20201101
27479,0,0,0,0,0,0,1,20191201,20210301
27626,0,0,0,0,0,0,1,20191201,20210301
27634,1,1,1,1,1,0,0,20191201,20210301
23642,0,0,0,0,0,1,0,20190622,20200801
17732,0,0,0,0,0,1,1,20190616,20200601
23723,0,0,0,0,0,1,0,20190622,20200801
25059,0,0,0,0,0,1,1,20190901,20201101
17940,0,0,0,0,0,0,1,20181001,20200601
22258,0,0,0,0,0,1,1,20190424,20200601
29206,1,1,1,1,1,0,0,20200326,20210301
28916,0,0,0,0,0,1,1,20200319,20210301
29198,0,0,0,0,0,0,1,20200328,20210301
29203,0,0,0,0,0,1,0,20200319,20210301
28987,0,0,0,0,0,1,0,20200319,20210301
29218,0,0,0,0,0,0,1,20200319,20210301
29200,0,0,0,0,0,1,0,20200319,20210301
28963,0,0,0,0,0,0,1,20200319,20210301
29237,0,0,0,0,0,0,1,20200319,20210301
28981,0,0,0,0,0,0,1,20200319,20210301
29196,0,0,0,0,0,1,1,20200326,20210301
29052,1,1,1,1,1,0,0,20200319,20210301
28862,0,0,0,0,0,1,0,20200319,20210301
28859,0,0,0,0,0,1,0,20200319,20210301
28975,0,0,0,0,0,0,1,20200319,20210301
28850,1,1,1,1,1,0,0,20200319,20210301
28911,0,0,0,0,0,1,0,20200319,20210301
28920,1,1,1,1,1,0,0,20200319,20210301
29240,0,0,0,0,0,0,1,20200319,20210301
29182,0,0,0,0,0,0,1,20200328,20210301
28940,1,1,1,1,1,0,0,20200319,20210301
28938,0,0,0,0,0,1,0,20200319,20210301
28885,1,1,1,1,1,0,0,20200319,20210301
29248,0,0,0,0,0,0,1,20200319,20210301
29211,0,0,0,0,0,0,1,20200319,20210301
29245,0,0,0,0,0,1,0,20200326,20210301
29007,0,0,0,0,0,1,0,20200319,20210301
28903,0,0,0,0,0,1,0,20200319,20210301
28932,0,0,0,0,0,1,0,20200319,20210301
28901,0,0,0,0,0,1,1,20200319,20210301
29020,0,0,0,0,0,0,1,20200319,20210301
29215,0,0,0,0,0,0,1,20200319,20210301
29173,1,1,1,1,1,0,0,20200326,20210301
29021,1,1,1,1,1,0,0,20200319,20210301
29189,1,1,1,1,1,0,0,20200319,20210301
29174,0,0,0,0,0,1,0,20200326,20210301
27412,0,0,0,0,0,1,0,20191201,20210301
29035,0,0,0,0,0,0,1,20200319,20210301
19563,0,0,0,0,0,1,0,20181208,20200601
19514,0,0,0,0,0,0,1,20181208,20200601
23686,0,0,0,0,0,1,0,20190622,20200801
27602,1,1,1,1,1,0,0,20191201,20210301
27387,0,0,0,0,0,0,1,20191201,20210301
25103,0,0,0,0,0,1,0,20190901,20200901
28994,0,0,0,0,0,0,1,20200319,20210301
23625,0,0,0,0,0,0,1,20190909,20201101
21099,0,0,0,0,0,0,1,20190301,20200601
25074,0,0,0,0,0,0,1,20190622,20200901
23507,1,1,1,1,1,0,0,20190622,20200801
19517,0,0,0,0,0,1,0,20181208,20200601
23752,0,0,0,0,0,1,0,20190622,20200801
28928,1,1,1,1,1,0,0,20200319,20210301
24086,0,0,0,0,0,1,0,20190715,20200701
25097,0,0,0,0,0,0,1,20190909,20201101
23596,1,1,1,1,1,0,0,20190622,20201101
27471,0,0,0,0,0,1,0,20191201,20210301
28915,1,1,1,1,1,0,0,20200319,20210301
25723,0,0,0,0,0,1,0,20190901,20201101
23618,1,1,1,1,1,0,0,20190622,20201101
23510,1,1,1,1,1,0,0,20190622,20201101
27475,0,0,0,0,0,1,0,20191206,20210301
28544,1,1,1,1,1,0,0,20200125,20210301
29044,0,0,0,0,0,0,1,20200319,20210301
21849,0,0,0,0,0,1,0,20190301,20200601
24968,1,1,1,1,1,0,0,20190901,20201101
25137,1,1,1,1,1,0,0,20190909,20201101
23653,0,0,0,0,0,1,0,20190622,20200801
21034,1,1,1,1,1,0,0,20190301,20200801
23747,1,1,1,1,1,0,0,20190622,20200801
21049,0,0,0,0,0,0,1,20190301,20200601
25042,0,0,0,0,0,1,0,20190901,20201101
23539,1,1,1,1,1,0,0,20190622,20201101
25735,1,1,1,1,1,0,0,20190928,20201101
24982,1,1,1,1,1,0,0,20190901,20200901
29060,0,0,0,0,0,0,1,20200319,20210301
27618,1,1,1,1,1,0,0,20191201,20210301
19115,0,0,0,0,0,1,0,20190616,20200601
21095,0,0,0,0,0,1,0,20190301,20200601
25152,0,0,0,0,0,1,1,20190901,20200901
24987,1,1,1,1,1,0,0,20190901,20201101
25149,1,1,1,1,1,0,0,20190901,20201101
25287,1,1,1,1,1,0,0,20190909,20200901
24966,0,0,0,0,0,1,0,20190901,20201101
19522,0,0,0,0,0,0,1,20181208,20200601
19498,0,0,0,0,0,1,0,20181208,20200601
27388,1,1,1,1,1,0,0,20191201,20210301
18506,0,0,0,0,0,0,1,20181101,20200601
27444,1,1,1,1,1,0,0,20191201,20201201
21041,0,0,0,0,0,0,1,20190301,20200601
25129,0,0,0,0,0,0,1,20190909,20201101
25041,1,1,1,1,1,0,0,20190901,20201101
21846,0,0,0,0,0,0,1,20190401,20200601
17748,0,0,0,0,0,1,0,20190615,20200601
25057,0,0,0,0,0,0,1,20190901,20201101
18221,1,1,1,1,1,0,0,20181020,20200601
25054,0,0,0,0,0,0,1,20190622,20201001
28992,1,1,1,1,1,0,0,20200319,20210301
19497,1,1,1,1,1,0,0,20181208,20200601
27414,1,1,1,1,1,0,0,20191201,20210301
24085,1,1,1,1,1,0,0,20190715,20200701
21857,0,0,0,0,0,1,0,20190301,20200601
23662,0,0,0,0,0,0,1,20190622,20200801
21841,0,0,0,0,0,0,1,20190401,20200601
24946,0,0,0,0,0,1,0,20190901,20201101
29046,0,0,0,0,0,1,0,20200319,20210301
27610,0,0,0,0,0,1,0,20191201,20210301
23719,1,1,1,1,1,0,0,20190622,20200801
24089,0,0,0,0,1,1,0,20190715,20201201
21025,0,0,0,0,0,1,0,20190301,20200601
14213,0,0,0,0,0,1,0,20180414,20200601
27552,0,0,0,0,0,0,1,20191201,20210101
16902,0,0,0,0,0,1,0,20180901,20200601
28892,1,1,1,1,1,0,0,20200319,20210301
21006,1,1,1,1,1,0,0,20190301,20200601
19515,0,0,0,0,0,1,0,20181208,20200601
23575,0,0,0,0,0,0,1,20190622,20200701
28545,1,1,1,1,1,0,0,20200201,20210301
23535,0,0,0,0,0,0,1,20190622,20200801
28841,0,0,0,0,0,0,1,20200319,20210301
25026,0,0,0,0,0,0,1,20190901,20201001
19122,0,0,0,0,0,1,0,20181201,20200601
23517,0,0,0,0,0,1,0,20190622,20200801
27600,0,0,0,0,0,1,0,20191201,20210301
28856,1,1,1,1,1,0,0,20200319,20210301
21084,0,0,0,0,0,1,0,20190301,20200601
28990,0,0,0,0,0,1,0,20200319,20210301
23570,0,0,0,0,0,0,1,20190622,20201101
25145,0,0,0,0,0,0,1,20190901,20201101
28895,0,0,0,0,0,0,1,20200319,20210301
23756,0,0,0,0,0,0,1,20190622,20200801
18222,1,1,1,1,1,0,0,20181020,20200801
23579,0,0,0,0,0,1,0,20190622,20200801
28530,1,1,1,1,1,0,0,20200125,20210301
25117,0,0,0,0,0,0,1,20190909,20201101
21075,1,1,1,1,1,0,0,20190301,20200601
19133,0,0,0,0,0,1,1,20180901,20200601
23732,1,1,1,1,1,0,0,20190622,20200801
27473,0,0,0,0,0,0,1,20191201,20210301
26596,0,0,0,0,0,0,1,20191101,20201101
19513,1,1,1,1,1,0,0,20181208,20200601
23620,0,0,0,0,0,0,1,20190622,20201101
23591,1,1,1,1,1,0,0,20190622,20200801
23749,0,0,0,0,0,1,0,20190622,20200801
25034,1,1,1,1,1,0,0,20190901,20200901
25087,0,0,0,0,0,1,0,20190901,20201001
27888,1,1,1,1,1,0,0,20191215,20210301
23537,0,0,0,0,0,1,0,20190622,20200701
27581,0,0,0,0,0,0,1,20191201,20210301
27612,1,1,1,1,1,0,0,20191201,20210301
18522,0,0,0,0,0,0,1,20181217,20200601
25127,1,1,1,1,1,0,0,20190901,20201101
28146,1,1,1,1,1,0,0,20200101,20210301
21861,0,0,0,0,0,0,1,20190301,20200601
17941,1,1,1,1,1,0,0,20180310,20200601
28957,0,0,0,0,0,0,1,20200319,20210301
27500,0,0,0,0,0,1,0,20191201,20210301
26590,0,0,0,0,0,0,1,20191101,20201101
23572,0,0,0,0,0,1,0,20190622,20200801
19564,0,0,0,0,0,0,1,20181208,20200601
19511,0,0,0,0,0,1,0,20181208,20200601
23587,0,0,0,0,0,1,0,20190622,20201101
27410,0,0,0,0,0,0,1,20191201,20210301
24981,0,0,0,0,0,0,1,20190901,20210301
25147,0,0,0,0,0,1,0,20191103,20201101
27389,0,0,0,0,0,1,0,20191201,20210301
19535,1,1,1,1,1,0,0,20181208,20200601
23519,1,1,1,1,1,0,0,20190622,20200801
23658,0,0,0,0,0,1,0,20190622,20201101
21035,0,0,0,0,0,1,0,20190301,20200601
27630,0,0,0,0,0,0,1,20191201,20210301
25134,0,0,0,0,0,1,0,20190929,20201101
27524,0,0,0,0,0,0,1,20191201,20210301
21052,1,1,1,1,1,0,0,20190301,20200401
23679,1,1,1,1,1,0,0,20190622,20200801
23562,1,1,1,1,1,0,0,20190622,20200801
27566,0,0,0,0,0,0,1,20191201,20210301
28826,0,0,0,0,0,0,1,20200319,20210301
25288,0,0,0,0,0,0,1,20190909,20201101
27418,0,0,0,0,0,1,1,20191206,20201201
28134,1,1,1,1,1,0,0,20200101,20210301
21018,0,0,0,0,0,0,1,20190301,20200601
27435,0,0,0,0,0,1,0,20191201,20210301
19537,0,0,0,0,0,0,1,20181208,20200601
23627,0,0,0,0,0,1,0,20190622,20200801
24962,1,1,1,1,1,0,0,20190901,20201101
27545,0,0,0,0,0,1,0,20191201,20210101
16950,0,0,0,0,0,1,0,20180901,20200601
27488,1,1,1,1,1,0,0,20191201,20210101
25025,0,0,0,0,0,1,0,20190901,20201001
24077,0,0,0,0,0,0,1,20190702,20200801
27578,0,0,0,0,0,0,1,20191201,20210301
27425,1,1,1,1,1,0,0,20191201,20210301
23684,0,0,0,0,0,0,1,20190622,20200601
25000,0,0,0,0,0,0,1,20190901,20201101
27632,0,0,0,0,0,1,0,20191201,20210301
21101,0,0,0,0,0,1,0,20190301,20200601
23589,1,1,1,1,1,0,0,20190622,20200801
23610,0,0,0,0,0,1,0,20190622,20200801
21044,0,0,0,0,0,0,1,20190301,20200601
25114,1,1,1,1,1,0,0,20190901,20201101
29236,0,0,0,0,0,1,0,20200319,20210301
29147,1,1,1,1,1,0,0,20200326,20210301
28972,0,0,0,0,0,0,1,20200319,20210301
29214,0,0,0,0,0,1,0,20200319,20210301
29199,1,1,1,1,1,0,0,20200326,20210301
29186,1,1,1,1,1,0,0,20200326,20210301
29227,0,0,0,0,0,1,0,20200326,20210301
29162,0,0,0,0,0,0,1,20200319,20210301
28822,0,0,0,0,0,1,0,20200319,20210301
28976,1,1,1,1,1,0,0,20200319,20210301
29158,0,0,0,0,0,1,0,20200319,20210301
29154,0,0,0,0,0,1,0,20200319,20210301
28918,0,0,0,0,0,1,0,20200319,20210301
29155,0,0,0,0,0,0,1,20200319,20210301
28858,1,1,1,1,1,0,0,20200319,20210301
28908,0,0,0,0,0,1,0,20200319,20210301
28927,0,0,0,0,0,0,1,20200319,20210301
28919,0,0,0,0,0,0,1,20200319,20210301
28947,0,0,0,0,0,0,1,20190901,20210301
28865,0,0,0,0,0,1,1,20200319,20210301
28925,0,0,0,0,0,0,1,20200319,20210301
28921,0,0,0,0,0,1,0,20200319,20210301
29001,0,0,0,0,0,1,0,20200319,20210301
28923,1,1,1,1,1,0,0,20200319,20210301
28999,0,0,0,0,0,0,1,20200319,20210301
28998,0,0,0,0,0,1,0,20200319,20210301
27555,1,1,1,1,1,0,0,20191201,20210301
29000,1,1,1,1,1,0,0,20200319,20210301
28829,0,0,0,0,0,0,1,20200319,20210301
28941,0,0,0,0,0,0,1,20200319,20210301
28886,0,0,0,0,0,1,0,20200319,20210301
29151,0,0,0,0,0,1,0,20200319,20210301
29210,0,0,0,0,0,1,0,20200319,20210301
27430,1,1,1,1,1,0,0,20191201,20210301
29002,0,0,0,0,0,0,1,20200319,20210301
29010,0,0,0,0,0,1,0,20200319,20210301
29063,0,0,0,0,0,0,1,20200319,20210301
28913,1,1,1,1,1,0,0,20200319,20210301
28898,0,0,0,0,0,1,0,20200319,20210301
28899,0,0,0,0,0,0,1,20200319,20210301
28867,0,0,0,0,0,1,0,20200319,20210301
28868,0,0,0,0,0,0,1,20200319,20210301
28960,0,0,0,0,0,0,1,20200319,20210301
28881,0,0,0,0,0,0,1,20200319,20210301
29005,0,0,0,0,0,0,1,20200319,20210301
29175,0,0,0,0,0,0,1,20200326,20210301
25120,0,0,0,0,0,0,1,20190909,20201101
27553,1,1,1,1,1,0,0,20191201,20210301
23748,1,1,1,1,1,0,0,20190622,20200801
27487,0,0,0,0,0,0,1,20191201,20210301
27438,0,0,0,0,0,1,0,20191201,20210101
21062,0,0,0,0,0,1,0,20190301,20200601
23602,0,0,0,0,0,0,1,20190622,20200801
28842,1,1,1,1,1,0,0,20200320,20210301
24088,1,1,1,1,1,0,0,20190715,20200801
27447,1,1,1,1,1,0,0,20191201,20210301
24961,0,0,0,0,0,0,1,20190901,20200901
28136,0,0,0,0,0,0,1,20200101,20210301
24950,0,0,0,0,0,0,1,20190909,20201101
28835,0,0,0,0,0,0,1,20200319,20210301
18528,0,0,0,0,0,0,1,20181101,20200601
23753,0,0,0,0,0,0,1,20190622,20200801
21863,0,0,0,0,0,1,0,20190301,20200401
23725,1,1,1,1,1,0,0,20190622,20200801
24972,0,0,0,0,0,1,1,20190901,20201101
28840,0,0,0,0,0,1,0,20200319,20210301
23551,0,0,0,0,0,1,0,20190622,20201101
29062,0,0,0,0,0,1,0,20200319,20210301
25048,0,0,0,0,0,1,0,20190901,20201101
21063,0,0,0,0,0,0,1,20190301,20200601
27515,0,0,0,0,0,0,1,20191202,20201201
25111,1,1,1,1,1,0,0,20190901,20201101
22262,1,1,1,1,1,0,0,20190424,20200601
23762,1,1,1,1,1,0,0,20190622,20200801
24984,0,0,0,0,0,0,1,20190901,20201101
27598,0,0,0,0,0,0,1,20191201,20210301
27532,1,1,1,1,1,0,0,20191201,20210301
23527,1,1,1,1,1,0,0,20190622,20200801
23709,0,0,0,0,0,1,1,20190622,20201101
23590,0,0,0,0,0,1,1,20190622,20200801
27568,0,0,0,0,0,1,0,20191201,20210301
16951,0,0,0,0,0,0,1,20180901,20200601
24964,0,0,0,0,0,0,1,20190901,20201101
21083,1,1,1,1,1,0,0,20190301,20200601
23616,0,0,0,0,0,1,0,20190622,20200801
25030,0,0,0,0,0,0,1,20190901,20201101
23549,0,0,0,0,0,1,1,20190622,20200801
23530,1,1,1,1,1,0,0,20190622,20200801
27497,0,0,0,0,0,1,1,20191201,20210101
24988,0,0,0,0,0,1,0,20190622,20201101
27486,0,0,0,0,0,1,0,20191201,20210301
13580,1,1,1,1,1,0,0,20180310,20200601
23506,0,0,0,0,0,0,1,20190622,20201101
25070,0,0,0,0,0,1,0,20190901,20201101
16939,1,1,1,1,1,0,0,20180901,20200601
21864,0,0,0,0,0,0,1,20190301,20200401
18504,1,1,1,1,1,0,0,20181101,20200601
23656,0,0,0,0,0,1,0,20190622,20200801
19534,0,0,0,0,0,0,1,20181208,20200601
25039,0,0,0,0,0,1,0,20190901,20201101
25064,0,0,0,0,0,0,1,20190909,20201101
21867,0,0,0,0,0,0,1,20190301,20200601
21094,1,1,1,1,1,0,0,20190301,20200601
15333,0,0,0,0,0,1,1,20180616,20200601
20377,1,1,1,1,1,0,0,20190119,20200601
24979,1,1,1,1,1,0,0,20190901,20201101
23761,0,0,0,0,0,1,1,20190622,20200801
24989,1,1,1,1,1,0,0,20190901,20201101
27629,0,0,0,0,0,1,0,20191201,20210301
18535,0,0,0,0,0,1,0,20181101,20200601
18499,0,0,0,0,0,1,0,20190616,20200601
27495,0,0,0,0,0,0,1,20191201,20210301
23722,1,1,1,1,1,0,0,20190622,20200801
23701,1,1,1,1,1,0,0,20190622,20200801
23518,0,0,0,0,0,0,1,20190622,20200801
27502,1,1,1,1,1,0,0,20191201,20210301
24998,1,1,1,1,1,0,0,20190901,20201001
26587,0,0,0,0,0,0,1,20191101,20201101
24072,1,1,1,1,1,0,0,20190702,20200901
23740,0,0,0,0,0,0,1,20190622,20200801
25076,0,0,0,0,0,1,0,20190901,20201101
28148,0,0,0,0,1,1,0,20200103,20210301
28991,0,0,0,0,0,0,1,20200319,20210301
17749,0,0,0,0,0,1,0,20190615,20200601
23538,0,0,0,0,0,0,1,20190622,20200701
21027,0,0,0,0,0,0,1,20190301,20200801
27547,1,1,1,1,1,0,0,20191201,20210301
27484,1,1,1,1,1,0,0,20191201,20210301
23514,0,0,0,0,0,1,0,20190622,20200801
27592,0,0,0,0,0,1,1,20191201,20210301
27643,0,0,0,0,0,1,1,20191201,20210301
21842,1,1,1,1,1,0,0,20190401,20200601
25711,0,0,0,0,0,0,1,20190928,20201101
27513,1,1,1,1,1,0,0,20191202,20201201
28873,0,0,0,0,0,1,0,20200319,20210301
23687,0,0,0,0,0,0,1,20190622,20200801
28855,0,0,0,0,0,0,1,20200319,20210301
25001,1,1,1,1,1,0,0,20190901,20201101
28964,1,1,1,1,1,0,0,20200319,20210301
21030,0,0,0,0,0,0,1,20190301,20200601
27464,1,1,1,1,1,0,0,20191201,20210301
23612,1,1,1,1,1,0,0,20190622,20200801
24087,0,0,0,0,0,0,1,20190715,20200701
27445,0,0,0,0,0,1,0,20191201,20201201
25708,1,1,1,1,1,0,0,20190928,20201101
23759,0,0,0,0,0,0,1,20190622,20200801
21840,0,0,0,0,0,0,1,20190323,20200601
27476,0,0,0,0,0,0,1,20191206,20210301
19529,1,1,1,1,1,0,0,20181208,20200601
21036,0,0,0,0,0,0,1,20190301,20200601
23632,1,1,1,1,1,0,0,20190622,20200801
21088,0,0,0,0,0,0,1,20190301,20200401
24952,0,0,0,0,0,1,0,20190901,20201101
23585,0,0,0,0,0,0,1,20190622,20201101
24990,1,1,1,1,1,0,0,20190901,20201101
25066,0,0,0,0,0,1,1,20190901,20201101
23751,1,1,1,1,1,0,0,20190622,20200801
27408,1,1,1,1,1,0,0,20191201,20210301
19526,1,1,1,1,1,0,0,20181208,20200601
28141,0,0,0,0,0,1,0,20200101,20210301
21097,1,1,1,1,1,0,0,20190301,20200601
23651,0,0,0,0,0,0,1,20190622,20200801
28955,1,1,1,1,1,0,0,20200319,20210301
21069,1,1,1,1,1,0,0,20190301,20200601
24959,1,1,1,1,1,0,0,20190909,20200901
24970,0,0,0,0,0,0,1,20190909,20201101
23703,1,1,1,1,1,0,0,20190622,20200801
23643,0,0,0,0,0,0,1,20190622,20200801
17751,0,0,0,0,0,1,0,20190615,20200601
27533,0,0,0,0,0,1,0,20191201,20210301
28967,1,1,1,1,1,0,0,20200319,20210301
25123,0,0,0,0,0,0,1,20191103,20201101
23611,0,0,0,0,0,0,1,20190622,20200801
25036,0,0,0,0,0,1,0,20190901,20201101
27559,0,0,0,0,0,0,1,20191201,20210301
27621,1,1,1,1,1,0,0,20191201,20210301
27458,1,1,1,1,1,0,0,20191201,20210301
25084,1,1,1,1,1,0,0,20190901,20201101
27608,0,0,0,0,0,0,1,20191201,20210301
25126,0,0,0,0,0,0,1,20190909,20201101
27537,0,0,0,0,0,0,1,20191201,20210301
29057,0,0,0,0,0,0,1,20200319,20210301
29205,1,1,1,1,1,0,0,20200326,20210301
29226,1,1,1,1,1,0,0,20200326,20210301
29228,0,0,0,0,0,0,1,20200319,20210301
29217,0,0,0,0,0,1,0,20200319,20210301
28821,1,1,1,1,1,0,0,20200319,20210301
29165,0,0,0,0,0,0,1,20200319,20210301
28909,0,0,0,0,0,0,1,20200319,20210301
28910,1,1,1,1,1,0,0,20200319,20210301
28864,1,1,1,1,1,0,0,20200319,20210301
28943,0,0,0,0,0,1,0,20200319,20210301
28924,0,0,0,0,0,1,0,20200319,20210301
29180,0,0,0,0,0,1,0,20200319,20210301
28877,0,0,0,0,0,0,1,20200319,20210301
28879,0,0,0,0,0,1,0,20200319,20210301
29009,1,1,1,1,1,0,0,20200319,20210301
29177,0,0,0,0,0,1,0,20200319,20210301
29244,1,1,1,1,1,0,0,20200326,20210301
27627,1,1,1,1,1,0,0,20191201,20210301
29004,0,0,0,0,0,1,0,20200319,20210301
28882,1,1,1,1,1,0,0,20200319,20210301
27506,0,0,0,0,0,0,1,20191201,20210301
23552,0,0,0,0,0,0,1,20190622,20201101
21855,1,1,1,1,1,0,0,20190301,20200601
23576,1,1,1,1,1,0,0,20190622,20200701
22257,1,1,1,1,1,0,0,20190424,20200601
28857,0,0,0,0,0,1,1,20200319,20210301
27433,1,1,1,1,1,0,0,20191201,20210301
23638,1,1,1,1,1,0,0,20190622,20200801
23677,0,0,0,0,0,1,0,20190622,20201101
25011,0,0,0,0,0,0,1,20190901,20201101
25151,1,1,1,1,1,0,0,20190901,20200901
25116,0,0,0,0,0,1,0,20190901,20201101
27605,1,1,1,1,1,0,0,20191201,20210301
23714,0,0,0,0,1,1,0,20190622,20210301
24958,0,0,0,0,0,1,1,20190901,20201101
23586,1,1,1,1,1,0,0,20190622,20201101
27889,0,0,0,0,0,1,1,20191215,20210301
25096,0,0,0,0,0,1,0,20190901,20201101
28529,0,0,0,0,0,0,1,20200125,20210301
19533,0,0,0,0,0,1,0,20181208,20200601
23731,0,0,0,0,0,0,1,20190622,20200801
21056,0,0,0,0,0,1,0,20190301,20200601
27494,0,0,0,0,0,1,0,20191201,20210301
27411,1,1,1,1,1,0,0,20191201,20210301
23717,0,0,0,0,0,1,0,20190622,20200801
16977,0,0,0,0,0,0,1,20180901,20200601
29031,0,0,0,0,0,0,1,20200319,20210301
27642,1,1,1,1,1,0,0,20191201,20210301
27514,0,0,0,0,0,1,0,20191202,20201201
23547,0,0,0,0,0,0,1,20190622,20200801
21017,0,0,0,0,0,1,0,20190301,20200601
23676,1,1,1,1,1,0,0,20190622,20201101
23682,1,1,1,1,1,0,0,20190622,20200801
27616,0,0,0,0,0,1,0,20191201,20210301
23660,1,1,1,1,1,0,0,20190622,20200801
27554,0,0,0,0,0,0,1,20191201,20210301
23574,0,0,0,0,0,1,0,20190622,20200701
21068,1,1,1,1,1,0,0,20190301,20200601
27894,0,0,0,0,0,1,0,20191215,20210301
23525,0,0,0,0,0,1,0,20190622,20200801
22261,0,0,0,0,0,0,1,20190424,20200601
23715,0,0,0,0,1,1,0,20190622,20210301
23521,0,0,0,0,0,0,1,20190622,20200801
25139,0,0,0,0,0,0,1,20191103,20201101
27512,0,0,0,0,0,0,1,20191201,20201201
18223,0,0,0,0,0,1,0,20181020,20200801
27398,0,0,0,0,0,1,0,20191201,20201201
25136,1,1,1,1,1,0,0,20190901,20201101
27631,1,1,1,1,1,0,0,20191201,20210301
21008,0,0,0,0,0,0,1,20190301,20200601
23593,0,0,0,0,0,0,1,20190622,20200901
18527,0,0,0,0,0,1,0,20181101,20200601
21485,0,0,0,0,0,0,1,20190323,20200601
23542,1,1,1,1,1,0,0,20190622,20201101
24945,1,1,1,1,1,0,0,20190901,20201101
28542,0,0,0,0,0,1,0,20200125,20210301
25734,0,0,0,0,0,1,0,20190901,20201101
27551,0,0,0,0,0,1,0,20191201,20210101
27439,0,0,0,0,0,0,1,20191201,20210101
26594,1,1,1,1,1,0,0,20191101,20201101
25119,0,0,0,0,0,1,0,20190901,20201101
19557,0,0,0,0,0,1,0,20181208,20200601
23556,1,1,1,1,1,0,0,20190622,20200801
27405,1,1,1,1,1,0,0,20191202,20201201
25006,1,1,1,1,1,0,0,20190901,20201101
29051,1,1,1,1,1,0,0,20200319,20210301
28844,0,0,0,0,0,0,1,20200319,20210301
29039,1,1,1,1,1,0,0,20200320,20210301
27628,1,1,1,1,1,0,0,20191201,20210301
27399,0,0,0,0,0,0,1,20191201,20201201
28130,0,0,0,0,0,0,1,20200101,20210301
26591,1,1,1,1,1,0,0,20191101,20201101
23582,1,1,1,1,1,0,0,20190622,20200801
27505,0,0,0,0,0,1,0,20191201,20210301
23558,0,0,0,0,0,0,1,20190622,20200801
21853,0,0,0,0,0,0,1,20190301,20200601
28834,0,0,0,0,0,1,0,20200319,20210301
23522,1,1,1,1,1,0,0,20190622,20200801
24969,0,0,0,0,0,1,0,20190901,20201101
27454,0,0,0,0,0,0,1,20191201,20210301
21481,0,0,0,0,0,1,0,20190323,20200601
23680,0,0,0,0,0,1,0,20190622,20200801
21843,1,1,1,1,1,0,0,20190401,20200601
27477,1,1,1,1,1,0,0,20191201,20210101
27893,1,1,1,1,1,0,0,20191215,20210301
23666,0,0,0,0,0,0,1,20190301,20200801
19554,1,1,1,1,1,0,0,20181208,20200601
19506,1,1,1,1,1,0,0,20181208,20200601
28853,1,1,1,1,1,0,0,20200320,20210301
23661,0,0,0,0,0,1,0,20190622,20200801
17558,0,0,0,0,0,1,0,20180917,20200801
27544,1,1,1,1,1,0,0,20191201,20210101
21852,0,0,0,0,0,1,0,20190616,20200601
19510,1,1,1,1,1,0,0,20181208,20200601
25032,0,0,0,0,0,1,0,20190901,20210301
25035,1,1,1,1,1,0,0,20190901,20201101
23755,0,0,0,0,0,1,0,20190622,20200801
28543,0,0,0,0,0,0,1,20200125,20210301
27503,0,0,0,0,0,1,0,20191201,20210301
25082,1,1,1,1,1,0,0,20190901,20201101
27887,0,0,0,0,0,0,1,20191215,20210301
24967,0,0,0,0,0,0,1,20190909,20201101
27558,0,0,0,0,0,1,0,20191201,20210301
27624,1,1,1,1,1,0,0,20191201,20210301
21862,1,1,1,1,1,0,0,20190301,20200401
25135,0,0,0,0,0,0,1,20190909,20201101
19508,0,0,0,0,0,1,0,20181208,20200601
27489,0,0,0,0,0,1,0,20190622,20210101
27426,0,0,0,0,0,1,0,20191201,20210301
27580,0,0,0,0,0,1,0,20191201,20210301
25046,0,0,0,0,0,0,1,20190901,20201101
24948,1,1,1,1,1,0,0,20190909,20201101
27596,1,1,1,1,1,0,0,20191201,20210301
23554,0,0,0,0,0,1,0,20190622,20200801
26585,1,1,1,1,1,0,0,20191101,20201101
23580,0,0,0,0,0,0,1,20190622,20200801
23670,1,1,1,1,1,0,0,20190622,20200801
23681,0,0,0,0,0,0,1,20190622,20200801
19512,0,0,0,0,0,0,1,20181208,20200601
16937,0,0,0,0,0,0,1,20180901,20200601
27390,0,0,0,0,0,0,1,20191201,20210301
23665,0,0,0,0,0,0,1,20190622,20201101
25013,0,0,0,0,0,1,0,20190901,20201101
21066,1,1,1,1,1,0,0,20190301,20200601
21004,0,0,0,0,0,1,0,20190301,20200601
23663,1,1,1,1,1,0,0,20190622,20200801
15366,1,1,1,1,1,1,1,20180616,20200601
27639,0,0,0,0,0,0,1,20191201,20210301
27409,0,0,0,0,0,1,0,20191201,20210301
23544,0,0,0,0,0,0,1,20190909,20201101
25144,0,0,0,0,0,1,0,20191103,20201101
18505,0,0,0,0,0,1,0,20181101,20200601
28266,0,0,0,0,0,1,0,20200106,20210301
27434,1,1,1,1,1,0,0,20191201,20210301
27597,0,0,0,0,0,1,0,20191201,20210301
28989,1,1,1,1,1,0,0,20200319,20210301
27480,1,1,1,1,1,0,0,20191206,20210301
23561,0,0,0,0,0,0,1,20190622,20201101
24953,0,0,0,0,0,0,1,20190901,20201101
19507,1,1,1,1,1,0,0,20181208,20200601
23606,1,1,1,1,1,0,0,20190622,20200801
21859,1,1,1,1,1,0,0,20190301,20200601
25716,0,0,0,0,0,1,0,20190909,20201101
29028,0,0,0,0,0,0,1,20200319,20210301
25004,1,1,1,1,1,0,0,20190901,20201101
23607,0,0,0,0,0,1,0,20190622,20200801
25068,0,0,0,0,0,1,1,20190909,20201101
27587,1,1,1,1,1,0,0,20191201,20210301
22000,0,0,0,0,0,1,0,20190301,20200601
21850,0,0,0,0,0,0,1,20190301,20200601
25412,0,0,0,0,0,0,1,20190909,20201101
23706,0,0,0,0,0,1,0,20190622,20200801
25033,0,0,0,0,0,0,1,20190901,20210301
23760,1,1,1,1,1,0,0,20190622,20200801
23743,0,0,0,0,0,0,1,20190622,20200801
22001,0,0,0,0,0,0,1,20190301,20200601
25019,0,0,0,0,0,1,0,20190901,20201101
28143,1,1,1,1,1,0,0,20200101,20210301
23674,0,0,0,0,0,1,0,20190622,20200801
27518,0,0,0,0,0,0,1,20191201,20210301
25010,0,0,0,0,0,1,0,20190901,20201101
29184,1,1,1,1,1,0,0,20200326,20210301
29230,0,0,0,0,0,1,0,20200319,20210301
29231,0,0,0,0,0,0,1,20200319,20210301
29187,0,0,0,0,0,1,0,20200319,20210301
29159,0,0,0,0,0,0,1,20200319,20210301
28978,0,0,0,0,0,0,1,20191201,20210301
29163,1,1,1,1,1,0,0,20200326,20210301
29192,0,0,0,0,0,1,0,20200326,20210301
28988,0,0,0,0,0,0,1,20200319,20210301
29234,0,0,0,0,0,0,1,20200319,20210301
28851,0,0,0,0,0,1,0,20200319,20210301
28948,1,1,1,1,1,0,0,20200319,20210301
28907,1,1,1,1,1,0,0,20200319,20210301
29207,1,1,1,1,1,0,0,20200323,20210301
28926,0,0,0,0,0,1,0,20200319,20210301
23668,0,0,0,0,0,1,1,20190622,20210301
28939,0,0,0,0,0,0,1,20200319,20210301
28997,1,1,1,1,1,0,0,20200319,20210301
28828,0,0,0,0,0,1,0,20200319,20210301
29246,1,1,1,1,1,0,0,20200326,20210301
29013,0,0,0,0,0,1,1,20200319,20210301
29212,1,1,1,1,1,0,0,20200326,20210301
29003,1,1,1,1,1,0,0,20200319,20210301
28985,0,0,0,0,0,1,0,20191201,20210301
27441,0,0,0,0,0,1,0,20191201,20210301
19132,1,1,1,1,1,0,0,20181201,20200601
21038,1,1,1,1,1,0,0,20190301,20200601
18526,1,1,1,1,1,0,0,20181101,20200601
27622,0,0,0,0,0,1,0,20191201,20210301
25705,1,1,1,1,1,0,0,20190928,20201101
27463,0,0,0,0,0,0,1,20191201,20210301
19113,0,0,0,0,0,0,1,20181201,20200601
17000,0,0,0,0,0,0,1,20180901,20200601
27571,0,0,0,0,0,1,0,20191201,20210301
25088,0,0,0,0,0,0,1,20190901,20201001
25105,1,1,1,1,1,0,0,20190901,20201101
23704,0,0,0,0,0,1,1,20190622,20201101
23698,0,0,0,0,0,1,1,20190622,20200801
27611,0,0,0,0,0,0,1,20191201,20210301
19550,1,1,1,1,1,0,0,20181208,20200601
19521,0,0,0,0,0,1,0,20190110,20200601
27543,1,1,1,1,1,0,0,20191201,20201201
25060,1,1,1,1,1,0,0,20190901,20200901
27526,0,0,0,0,0,1,0,20191201,20210301
25285,1,1,1,1,1,0,0,20190901,20200901
25132,0,0,0,0,0,0,1,20190909,20200901
15361,0,0,0,0,0,0,1,20180616,20200601
23583,1,1,1,1,1,0,0,20190622,20200801
25411,0,0,0,0,0,1,0,20190909,20201101
27453,0,0,0,0,0,1,0,20191201,20210301
29038,0,0,0,0,0,0,1,20200319,20210301
23685,1,1,1,1,1,0,0,20190622,20200801
19097,0,0,0,0,0,1,0,20181201,20200601
23683,0,0,0,0,0,1,0,20190622,20200601
23513,1,1,1,1,1,0,0,20190622,20200801
27589,1,1,1,1,1,0,0,20191201,20201201
24963,0,0,0,0,0,1,0,20190901,20201101
21851,1,1,1,1,1,0,0,20190301,20200601
21866,0,0,0,0,0,1,0,20190301,20200601
27442,0,0,0,0,0,0,1,20191201,20210301
27892,0,0,0,0,0,0,1,20191215,20210301
23526,0,0,0,0,0,0,1,20190622,20200801
24965,1,1,1,1,1,0,0,20190901,20201101
23621,1,1,1,1,1,0,0,20190622,20200801
24955,0,0,0,0,0,1,0,20190901,20201101
25038,1,1,1,1,1,0,0,20190901,20201101
25045,0,0,0,0,0,1,0,20190901,20201101
23604,0,0,0,0,0,1,0,20190622,20200801
23565,1,1,1,1,1,0,0,20190622,20200801
27583,0,0,0,0,0,1,0,20191201,20201201
23654,0,0,0,0,0,0,1,20190622,20200801
25079,0,0,0,0,0,1,0,20190901,20201201
25073,0,0,0,0,0,1,0,20190909,20200901
27402,0,0,0,0,0,0,1,20191201,20201201
23641,1,1,1,1,1,0,0,20190622,20200801
27567,1,1,1,1,1,0,0,20191201,20210301
27456,0,0,0,0,0,1,0,20191201,20201201
25140,1,1,1,1,1,0,0,20190901,20201101
22260,0,0,0,0,0,1,0,20190424,20200601
28541,1,1,1,1,1,0,0,20200125,20210301
25050,0,0,0,0,0,1,0,20190901,20200901
25714,1,1,1,1,1,0,0,20190928,20201101
28825,0,0,0,0,0,1,0,20200319,20210301
19531,0,0,0,0,0,0,1,20181208,20200601
27563,0,0,0,0,0,0,1,20191201,20210301
23584,0,0,0,0,0,1,0,20190622,20201101
29066,0,0,0,0,0,0,1,20200319,20210301
23692,0,0,0,0,0,1,0,20190622,20200801
25729,0,0,0,0,0,1,0,20190928,20210301
19541,1,1,1,1,1,0,0,20181208,20201101
24066,0,0,0,0,0,1,1,20190702,20200801
25733,0,0,0,0,0,0,1,20190909,20201101
28526,0,0,0,0,0,0,1,20200122,20210301
23711,0,0,0,0,1,1,0,20190622,20210301
25732,1,1,1,1,1,0,0,20190928,20201101
24993,1,1,1,1,1,0,0,20190901,20201101
28872,1,1,1,1,1,0,0,20200319,20210301
23511,0,0,0,0,0,1,0,20190622,20201101
26588,1,1,1,1,1,0,0,20191101,20201101
27462,0,0,0,0,0,1,0,20191201,20210301
26595,0,0,0,0,0,1,0,20191101,20201101
25141,0,0,0,0,0,1,0,20190901,20201101
25062,1,1,1,1,1,0,0,20190901,20200901
29037,0,0,0,0,0,1,0,20200319,20210301
28871,0,0,0,0,0,0,1,20200319,20210301
27534,0,0,0,0,0,0,1,20191201,20210301
28917,1,1,1,1,1,0,0,20200320,20210301
18521,0,0,0,0,0,1,0,20190610,20200601
25044,1,1,1,1,1,0,0,20190901,20201101
21016,1,1,1,1,1,0,0,20190301,20200601
19089,1,1,1,1,1,0,0,20181201,20200601
29065,0,0,0,0,0,1,0,20200319,20210301
25021,1,1,1,1,1,0,0,20190901,20201101
21482,0,0,0,0,0,0,1,20190323,20200601
25049,1,1,1,1,1,0,0,20190901,20200901
25093,0,0,0,0,0,1,0,20190901,20201101
28996,0,0,0,0,0,0,1,20200319,20210301
27482,0,0,0,0,0,0,1,20191206,20210301
28891,1,1,1,1,1,0,0,20200319,20210301
27449,1,1,1,1,1,0,0,20191201,20210301
25092,1,1,1,1,1,0,0,20190901,20201101
28965,0,0,0,0,0,1,0,20200319,20210301
23637,0,0,0,0,0,0,1,20190622,20200801
29047,0,0,0,0,0,0,1,20200319,20210301
28854,0,0,0,0,0,1,0,20200319,20210301
28839,1,1,1,1,1,0,0,20200319,20210301
28847,0,0,0,0,0,0,1,20200319,20210301
19099,1,1,1,1,1,0,0,20181201,20200601
23728,0,0,0,0,0,0,1,20190622,20200801
27522,1,1,1,1,1,0,0,20191201,20210301
27436,0,0,0,0,0,0,1,20191201,20210301
23735,1,1,1,1,1,0,0,20190622,20200801
25715,1,1,1,1,1,0,0,20190928,20201101
24947,0,0,0,0,0,0,1,20190909,20201101
27470,1,1,1,1,1,0,0,20191201,20210301
23702,0,0,0,0,0,1,1,20190622,20200801
27885,1,1,1,1,1,0,0,20191215,20210301
27606,1,1,1,1,1,0,0,20191201,20210301
25106,0,0,0,0,0,1,0,20190901,20201101
23664,0,0,0,0,0,1,0,20190622,20201101
27614,0,0,0,0,0,0,1,20191201,20210301
28145,0,0,0,0,0,0,1,20200101,20210301
27468,0,0,0,0,0,1,0,20191201,20210301
24065,1,1,1,1,1,0,0,20190702,20200801
15722,0,0,0,0,0,0,1,20180701,20200601
27588,0,0,0,0,0,1,1,20191201,20210301
18076,0,0,0,0,0,1,1,20181008,20200601
25056,0,0,0,0,0,1,0,20190901,20201101
18520,1,1,1,1,1,0,0,20181101,20200601
25058,1,1,1,1,1,0,0,20190901,20200901
25080,0,0,0,0,0,0,1,20190901,20201201
27493,1,1,1,1,1,0,0,20191201,20210301
27584,0,0,0,0,0,0,1,20191201,20201201
27385,1,1,1,1,1,0,0,20191201,20210301
23509,0,0,0,0,0,0,1,20180622,20200801
21091,1,1,1,1,1,0,0,20190301,20200601
23516,1,1,1,1,1,0,0,20190622,20200801
27416,0,0,0,0,0,0,1,20191201,20210301
28966,0,0,0,0,0,0,1,20200319,20210301
25712,1,1,1,1,1,0,0,20190928,20201101
14214,0,0,0,0,0,0,1,20180414,20200601
15721,0,0,0,0,0,1,0,20180701,20200601
24806,0,0,0,0,0,1,0,20190929,20201101
27516,1,1,1,1,1,0,0,20191201,20210301
27561,1,1,1,1,1,0,0,20191201,20210301
27393,0,0,0,0,0,0,1,20191201,20210101
23700,0,0,0,0,0,1,1,20190909,20201101
23649,1,1,1,1,1,0,0,20190622,20200801
24145,1,1,1,1,1,0,0,20190715,20200801
19131,0,0,0,0,0,1,0,20190616,20200601
23705,1,1,1,1,1,0,0,20190622,20200801
28144,0,0,0,0,0,1,0,20200101,20210301
19502,0,0,0,0,0,0,1,20181208,20200601
25094,0,0,0,0,0,0,1,20190901,20201101
25726,1,1,1,1,1,0,0,20190922,20201101
21074,0,0,0,0,0,1,1,20190301,20200601
27452,1,1,1,1,1,0,0,20191201,20210301
25040,0,0,0,0,0,0,1,20190909,20201101
29029,1,1,1,1,1,0,0,20200320,20210301
27641,0,0,0,0,0,1,1,20191201,20210301
23721,0,0,0,0,0,0,1,20190622,20200801
25407,1,1,1,1,1,0,0,20190909,20201101
23588,0,0,0,0,0,0,1,20190622,20201101
25095,1,1,1,1,1,0,0,20190901,20201101
28956,0,0,0,0,0,1,0,20200319,20210301
28984,1,1,1,1,1,0,0,20200319,20210301
29213,1,1,1,1,1,0,0,20200326,20210301
29188,0,0,0,0,0,0,1,20200319,20210301
29222,0,0,0,0,0,0,1,20200319,20210301
28973,1,1,1,1,1,0,0,20200319,20210301
29235,1,1,1,1,1,0,0,20200326,20210301
28823,0,0,0,0,0,0,1,20200319,20210301
29221,0,0,0,0,0,1,0,20200319,20210301
29161,0,0,0,0,0,1,0,20200319,20210301
27403,1,1,1,1,1,0,0,20191201,20210301
29156,1,1,1,1,1,0,0,20200326,20210301
29191,1,1,1,1,1,0,0,20200326,20210301
29193,0,0,0,0,0,0,1,20200326,20210301
28971,0,0,0,0,0,1,0,20200319,20210301
29054,0,0,0,0,0,0,1,20200319,20210301
28863,0,0,0,0,0,0,1,20200319,20210301
28860,0,0,0,0,0,0,1,20200319,20210301
28133,0,0,0,0,0,0,1,20200101,20210301
28942,1,1,1,1,1,0,0,20200319,20210301
28906,0,0,0,0,0,0,1,20200319,20210301
28922,0,0,0,0,0,0,1,20200319,20210301
29016,1,1,1,1,1,0,0,20200319,20210301
28827,1,1,1,1,1,0,0,20200319,20210301
29181,0,0,0,0,0,1,0,20200328,20210301
28665,1,1,1,1,1,0,0,20200101,20210301
29150,1,1,1,1,1,0,0,20200323,20210301
29176,1,1,1,1,1,0,0,20200326,20210301
29152,0,0,0,0,0,0,1,20200319,20210301
27431,0,0,0,0,0,1,0,20191201,20210301
29006,1,1,1,1,1,0,0,20200319,20210301
28880,0,0,0,0,0,1,0,20200319,20210301
28838,0,0,0,0,0,0,1,20200319,20210301
29018,1,1,1,1,1,0,0,20200319,20210301
28959,0,0,0,0,0,1,0,20200319,20210301
29249,1,1,1,1,1,0,0,20200326,20210301
28897,1,1,1,1,1,0,0,20200319,20210301
29250,0,0,0,0,0,1,1,20200319,20210301
28531,0,0,0,0,0,1,0,20200125,20210301
28532,0,0,0,0,0,0,1,20200125,20210301
29024,0,0,0,0,0,1,0,20200319,20210301
28528,0,0,0,0,0,1,0,20200125,20210301
23608,0,0,0,0,0,0,1,20190622,20200801
24996,0,0,0,0,0,0,1,20190901,20201101
19123,0,0,0,0,0,0,1,20181201,20200601
21047,1,1,1,1,1,0,0,20190301,20200601
27465,0,0,0,0,0,1,0,20191201,20210301
27498,1,1,1,1,1,0,0,20191201,20210301
21065,0,0,0,0,0,1,1,20190301,20200601
21856,1,1,1,1,1,0,0,20190301,20200601
24960,0,0,0,0,0,1,0,20190901,20200901
28836,1,1,1,1,1,0,0,20200320,20210301
17750,0,0,0,0,0,1,0,20190615,20200601
21838,0,0,0,0,0,1,0,20190401,20200601
21022,0,0,0,0,0,1,0,20190610,20200601
23597,1,1,1,1,1,0,0,20190622,20200801
23594,1,1,1,1,1,0,0,20190622,20200601
21845,0,0,0,0,0,1,0,20190401,20200601
19499,0,0,0,0,0,0,1,20181208,20200601
17944,0,0,0,0,0,0,1,20181001,20200601
23592,0,0,0,0,0,1,0,20190622,20200901
25113,0,0,0,0,0,0,1,20190909,20201101
23573,1,1,1,1,1,0,0,20190622,20200701
21479,0,0,0,0,0,0,1,20190323,20200601
23614,0,0,0,0,0,0,1,20190622,20200801
21033,0,0,0,0,0,0,1,20190301,20200601
27504,1,1,1,1,1,0,0,20191201,20210301
27525,1,1,1,1,1,0,0,20191201,20210301
27474,1,1,1,1,1,0,0,20191206,20210301
27570,1,1,1,1,1,0,0,20191201,20210301
28147,0,0,0,0,0,1,1,20200101,20210301
25101,1,1,1,1,1,0,0,20190901,20201101
28265,1,1,1,1,1,0,0,20200106,20210101
23646,0,0,0,0,0,0,1,20190622,20200801
27397,1,1,1,1,1,0,0,20191201,20201201
21865,1,1,1,1,1,0,0,20190301,20200601
21019,1,1,1,1,1,0,0,20190301,20200601
25110,0,0,0,0,0,0,1,20191103,20201101
21045,0,0,0,0,0,1,0,20190301,20200601
23629,1,1,1,1,1,0,0,20190622,20201101
21040,0,0,0,0,0,1,0,20190301,20200601
27560,1,1,1,1,1,0,0,20191201,20210301
21100,1,1,1,1,1,0,0,20190301,20200601
25090,0,0,0,0,0,1,0,20190901,20210301
23529,0,0,0,0,0,0,1,20190622,20200801
23533,1,1,1,1,1,0,0,20190622,20200801
21050,1,1,1,1,1,0,0,20190301,20200401
27437,1,1,1,1,1,0,0,20191201,20210101
27424,0,0,0,0,0,0,1,20191201,20201201
25736,0,0,0,0,0,1,1,20190901,20201101
28125,1,1,1,1,1,0,0,20200101,20210101
20737,1,1,1,1,1,0,0,20190209,20200601
23541,0,0,0,0,0,0,1,20190622,20201101
23601,0,0,0,0,0,1,0,20190622,20200801
28539,0,0,0,0,0,1,0,20200125,20210301
24070,1,1,1,1,1,0,0,20190701,20200801
25724,0,0,0,0,0,0,1,20190901,20201101
23712,0,0,0,0,1,1,0,20190622,20200701
23615,1,1,1,1,1,0,0,20190622,20200801
27446,0,0,0,0,0,0,1,20191201,20201201
23528,0,0,0,0,0,1,0,20190622,20200801
15332,1,1,1,1,1,0,0,20180616,20200601
19121,1,1,1,1,1,0,0,20181201,20200601
27392,0,0,0,0,0,1,0,20200122,20210301
23669,1,1,1,1,1,0,0,20190622,20200801
23603,1,1,1,1,1,0,0,20190622,20200801
21860,0,0,0,0,0,1,0,20190301,20200601
27485,1,1,1,1,1,0,0,20191201,20210301
27562,0,0,0,0,0,1,0,20191201,20210301
19112,0,0,0,0,0,1,0,20190616,20200601
23617,0,0,0,0,0,0,1,20190622,20200801
25089,1,1,1,1,1,0,0,20190901,20200901
27490,0,0,0,0,0,0,1,20190622,20210101
28527,1,1,1,1,1,0,0,20200125,20210301
21058,1,1,1,1,1,0,0,20190301,20200601
23564,0,0,0,0,0,0,1,20190909,20201101
23699,1,1,1,1,1,0,0,20190622,20201101
28954,0,0,0,0,0,1,0,20200319,20210301
27415,0,0,0,0,0,1,0,20191201,20210301
27413,0,0,0,0,0,0,1,20191201,20210301
21023,0,0,0,0,0,0,1,20190301,20200601
25072,1,1,1,1,1,0,0,20190901,20200801
27557,1,1,1,1,1,0,0,20191201,20210301
27417,1,1,1,1,1,0,0,20191206,20201201
21028,1,1,1,1,1,0,0,20190301,20200601
27636,0,0,0,0,0,0,1,20191201,20210301
23540,0,0,0,0,0,1,0,20190622,20201101
28535,1,1,1,1,1,0,0,20200125,20210301
21026,0,0,0,0,0,1,0,20190301,20200601
23733,0,0,0,0,0,1,0,20190622,20200801
28140,1,1,1,1,1,0,0,20200101,20210301
23626,1,1,1,1,1,0,0,20190622,20200801
23524,1,1,1,1,1,0,0,20190622,20200801
27421,0,0,0,0,0,0,1,20190622,20210301
20378,0,0,0,0,0,1,1,20190616,20200601
23693,0,0,0,0,0,0,1,20190622,20200801
25012,1,1,1,1,1,0,0,20190901,20201101
24074,0,0,0,0,0,0,1,20190702,20200901
27395,0,0,0,0,0,1,0,20191201,20210301
26046,1,1,1,1,1,0,0,20191014,20201101
29050,0,0,0,0,0,0,1,20200319,20210301
27609,1,1,1,1,1,0,0,20200201,20210301
28983,0,0,0,0,0,0,1,20200319,20210301
28540,0,0,0,0,0,0,1,20200125,20210301
28533,1,1,1,1,1,0,0,20200125,20210301
19100,0,0,0,0,0,1,0,20190616,20200601
27406,0,0,0,0,0,1,0,20191202,20201201
21483,1,1,1,1,1,0,0,20190323,20200601
27472,0,0,0,0,0,1,0,20191201,20210301
23716,1,1,1,1,1,0,0,20190622,20200801
27569,0,0,0,0,0,0,1,20191201,20210301
28831,0,0,0,0,0,1,0,20200319,20210301
23557,0,0,0,0,0,1,0,20190622,20200801
21064,1,1,1,1,1,0,0,20190301,20200601
23764,0,0,0,0,0,1,0,20190622,20200801
23734,0,0,0,0,0,0,1,20190622,20200801
16945,0,0,0,0,0,0,1,20180901,20200601
27633,0,0,0,0,0,0,1,20191201,20210301
23667,1,1,1,1,1,0,0,20190622,20200801
19090,0,0,0,0,0,1,0,20180616,20200601
25131,0,0,0,0,0,1,0,20190901,20200901
25098,1,1,1,1,1,0,0,20190901,20201101
27890,1,1,1,1,1,0,0,20191215,20210301
21037,1,1,1,1,1,0,0,20190301,20200601
21055,1,1,1,1,1,0,0,20190301,20200601
23545,1,1,1,1,1,0,0,20190622,20200801
23543,0,0,0,0,0,1,0,20190622,20201101
25075,1,1,1,1,1,0,0,20190901,20201101
23726,1,1,1,1,1,0,0,20190622,20200801
28142,0,0,0,0,0,0,1,20200101,20210301
27520,0,0,0,0,0,1,0,20191201,20210301
27527,0,0,0,0,0,0,1,20191201,20210301
25100,0,0,0,0,0,0,1,20190901,20201101
27594,1,1,1,1,1,0,0,20191201,20210301
22259,1,1,1,1,1,0,0,20190424,20200601
17559,0,0,0,0,0,0,1,20180917,20200801
16952,1,1,1,1,1,0,0,20180901,20200601
27595,0,0,0,0,0,1,1,20191201,20210301
29043,0,0,0,0,0,1,0,20200319,20210301
27585,1,1,1,1,1,0,0,20191201,20210101
23730,0,0,0,0,0,1,0,20190622,20200801
27396,0,0,0,0,0,0,1,20191201,20210301
27499,0,0,0,0,0,1,1,20191201,20210301
23672,0,0,0,0,0,0,1,20190622,20200801
27546,0,0,0,0,0,0,1,20191201,20210101
23644,1,1,1,1,1,0,0,20190622,20200801
25063,0,0,0,0,0,1,0,20190901,20201101
17557,1,1,1,1,1,0,0,20180917,20200601
24954,1,1,1,1,1,0,0,20190901,20201101
27511,0,0,0,0,0,1,0,20191201,20201201
21070,0,0,0,0,0,1,1,20190301,20200601
21102,0,0,0,0,0,0,1,20190301,20200601
27530,1,1,1,1,1,0,0,20191201,20210301
26593,0,0,0,0,0,0,1,20191101,20201101
25018,1,1,1,1,1,0,0,20190901,20201101
27601,0,0,0,0,0,0,1,20191201,20210301
19530,0,0,0,0,0,1,0,20181208,20200601
15723,1,1,1,1,1,1,0,20180701,20200601
27620,0,0,0,0,0,0,1,20191201,20210301
23724,0,0,0,0,0,0,1,20190622,20200801
16949,1,1,1,1,1,0,0,20180901,20200601
21858,0,0,0,0,0,0,1,20190301,20200601
28128,1,1,1,1,1,0,0,20200101,20210301
