service_id,date,exception_type
29205,20201101,2
29205,20200815,2
29205,20200624,2
29205,20200501,2
29202,20200501,2
29184,20210216,2
29184,20210101,2
29197,20210216,2
29230,20201224,2
29236,20200501,2
29236,20210101,2
29204,20201226,1
29204,20200706,1
29204,20200501,1
29206,20210216,2
28916,20201224,1
29226,20201101,2
29226,20210101,2
29224,20200624,2
29228,20201224,1
29228,20200706,1
29198,20210101,1
29198,20200815,1
29219,20201224,2
29147,20201225,2
29147,20200501,2
28972,20201226,1
28987,20201225,2
29217,20200706,2
29214,20201224,2
29213,20201226,2
29213,20200815,2
29188,20201226,1
29188,20200815,1
29199,20210216,2
28970,20201225,2
28970,20201101,2
28970,20210101,2
29222,20200815,1
29222,20200624,1
29222,20210101,1
29235,20201101,2
29235,20200624,2
29235,20210101,2
29218,20201225,1
29186,20200706,2
29186,20210101,2
29227,20201225,2
29187,20201226,2
29187,20201101,2
29187,20200624,2
29221,20201225,2
29221,20201101,2
29161,20201226,2
29161,20201101,2
28821,20201101,2
28821,20200624,2
28821,20210101,2
29160,20201226,2
29160,20201224,2
28979,20201226,2
28979,20200624,2
29201,20200815,1
27403,20210216,2
27403,20200815,2
27403,20200501,2
29159,20201224,1
29200,20201226,2
29200,20200706,2
29163,20200624,2
29149,20200815,1
28976,20200624,2
28977,20201101,2
28977,20200706,2
29158,20200706,2
29158,20200501,2
29158,20210216,2
29156,20210101,2
29154,20200624,2
29164,20201224,2
29164,20200706,2
29164,20200624,2
29164,20200501,2
28137,20200815,2
28137,20200624,2
28137,20200501,2
28963,20210101,1
28962,20201225,2
28962,20201101,2
28962,20200624,2
28962,20210216,2
28837,20201226,2
28837,20200815,2
29237,20201224,1
29191,20200624,2
29193,20210101,1
29155,20201226,1
28971,20200815,2
28980,20201226,2
28980,20201224,2
28981,20200501,1
28988,20200501,1
29196,20200706,1
29196,20200501,1
29195,20210101,2
29054,20200624,1
28863,20201101,1
28863,20200624,1
28859,20201225,2
28859,20200706,2
28858,20200624,2
28975,20201101,1
28850,20201225,2
28850,20200624,2
28850,20200501,2
28860,20200815,1
28851,20201226,2
28851,20201101,2
28948,20201226,2
28948,20210216,2
28912,20201224,1
28912,20200706,1
28912,20200501,1
29165,20201225,1
28133,20201226,1
28908,20200501,2
28907,20200706,2
28907,20210101,2
29207,20210216,2
28949,20201225,2
28949,20200815,2
28132,20201101,2
28132,20200624,2
29185,20200501,2
28909,20201101,1
28909,20210216,1
28926,20200815,2
28926,20210101,2
28927,20210101,1
28946,20201101,2
28919,20201224,1
28929,20210101,2
29169,20200624,2
29169,20210101,2
28911,20200706,2
28131,20210101,2
28131,20200815,2
29168,20210101,2
29220,20200624,2
28945,20200706,2
28945,20210216,2
28865,20201225,1
28865,20201224,1
28866,20200501,2
28905,20210101,2
28942,20200706,2
28942,20210101,2
28943,20201225,2
28943,20201224,2
28943,20210101,2
28906,20201224,1
28906,20200624,1
28920,20201224,2
28920,20200815,2
29239,20200624,2
28925,20210101,1
28921,20210101,2
28922,20201226,1
28922,20201101,1
28922,20210101,1
29001,20201224,2
29001,20200815,2
29001,20210101,2
28923,20200706,2
28924,20201101,2
28944,20201225,1
28944,20200815,1
28944,20200706,1
29171,20200501,2
23668,20200706,1
23668,20201225,1
23668,20210216,1
29182,20201226,1
29015,20201225,1
28999,20210101,1
27555,20201226,2
27555,20200815,2
29000,20201224,2
29000,20201101,2
29000,20200815,2
29238,20201225,2
29238,20200815,2
29238,20210216,2
28828,20201226,2
28887,20201226,1
28887,20200706,1
29183,20200624,2
29242,20201226,2
29242,20201224,2
29242,20210101,2
29241,20201101,2
29243,20201226,1
28940,20201226,2
28940,20200815,2
28940,20200624,2
28940,20210216,2
28877,20200501,1
28877,20210101,1
28941,20200706,1
28941,20200501,1
28879,20201226,2
28938,20201224,2
29172,20200501,1
29172,20210101,1
28951,20201226,2
28951,20200624,2
28886,20201224,2
28886,20200501,2
29009,20210216,2
29011,20201225,1
29011,20200815,1
28827,20201226,2
28827,20200706,2
29014,20201101,2
29014,20210216,2
29181,20210101,2
28665,20200815,2
28665,20210101,2
28666,20200624,1
29150,20200815,2
29150,20210216,2
29177,20201225,2
29177,20201101,2
29178,20201226,1
29178,20210216,1
28885,20200815,2
28885,20200501,2
28935,20200815,2
28935,20200501,2
29151,20210216,2
29210,20200624,2
29152,20200706,1
29152,20200624,1
27432,20200815,1
27431,20210216,2
27431,20210101,2
27431,20200815,2
27430,20200815,2
29209,20201224,2
29209,20210101,2
29209,20200706,2
28934,20210101,2
28878,20201101,2
28878,20200624,2
28878,20210216,2
29002,20201225,1
29023,20201226,2
29245,20201226,2
29245,20200706,2
29247,20201224,2
29247,20201101,2
29010,20201226,2
29244,20201101,2
29007,20201224,2
29007,20201101,2
29007,20200706,2
29007,20200624,2
29006,20201226,2
29006,20200624,2
29167,20201225,1
29008,20201226,1
29008,20210101,1
29013,20200624,1
29212,20201226,2
28888,20201226,2
27627,20201101,2
29003,20201224,2
29063,20201225,1
28880,20201101,2
28903,20200501,2
28904,20200624,1
28904,20210101,1
28932,20201226,2
28933,20201224,1
28933,20200501,1
29225,20200706,1
29225,20200501,1
28969,20200815,1
28969,20210101,1
28838,20200624,1
29170,20201226,1
29170,20200815,1
29170,20210216,1
28901,20210101,1
28898,20200501,2
29215,20201225,1
27492,20200815,1
27492,20200706,1
29249,20201224,2
29249,20201101,2
29173,20201226,2
29173,20201224,2
29173,20200815,2
29173,20200706,2
28899,20201101,1
27491,20201226,2
27491,20201101,2
28868,20200501,1
29250,20201225,1
29250,20210216,1
28960,20201101,1
28960,20200815,1
28960,20200624,1
28960,20210216,1
29021,20201101,2
29189,20200815,2
29022,20201101,1
28881,20200501,1
28881,20210216,1
28531,20201225,2
29004,20210101,2
28968,20201226,2
28968,20201224,2
28968,20200815,2
29005,20200501,1
29005,20210101,1
28952,20210216,2
29175,20201226,1
29175,20200501,1
29025,20201101,1
28882,20200501,2
28882,20210216,2
28985,20200706,2
29205,20200706,2
29202,20200706,2
29184,20201225,2
29197,20201224,2
29197,20200815,2
29197,20200706,2
29236,20200624,2
29204,20201225,1
29204,20201101,1
28916,20201225,1
28916,20210216,1
28984,20201225,2
28984,20210101,2
29226,20200706,2
29224,20201226,2
29228,20201226,1
29228,20201101,1
29228,20210216,1
29198,20201101,1
29203,20201101,2
29203,20210216,2
29219,20200815,2
29147,20200815,2
29147,20210216,2
28987,20200501,2
29216,20201101,2
29223,20201224,2
29214,20201226,2
29213,20210101,2
29199,20201101,2
29199,20200501,2
28970,20201224,2
29148,20201225,2
28973,20201226,2
28973,20201225,2
28973,20201101,2
28974,20200706,2
28823,20210216,1
29186,20201224,2
29227,20201226,2
29227,20200624,2
29187,20200501,2
29221,20201224,2
29161,20200815,2
29161,20210101,2
29162,20201226,1
29162,20210216,1
28822,20201224,2
29160,20200501,2
28979,20210216,2
29201,20201101,1
29201,20200501,1
29201,20210101,1
27403,20201224,2
27403,20200624,2
27404,20210216,1
27404,20201224,1
29159,20201226,1
29159,20200815,1
29159,20200501,1
28978,20200624,1
29163,20200501,2
28977,20201226,2
29158,20201226,2
29158,20201101,2
29156,20200815,2
29154,20201226,2
29154,20201224,2
29154,20200815,2
29164,20201101,2
29164,20200815,2
29166,20200815,2
29153,20201226,2
29153,20210101,2
28918,20201225,2
28918,20200815,2
28963,20201101,1
28963,20200501,1
29190,20200501,2
29190,20210101,2
28962,20201224,2
28962,20200815,2
28962,20200501,2
28837,20210216,2
29191,20201226,2
29192,20201225,2
29192,20201224,2
29192,20200706,2
29193,20201224,1
29193,20200706,1
29155,20210216,1
28981,20200624,1
28988,20201224,1
28988,20200624,1
29196,20201101,1
29196,20200624,1
29195,20200706,2
29053,20200624,2
29053,20210216,2
29234,20200624,1
29234,20210216,1
29052,20201224,2
29054,20201101,1
29054,20200706,1
28862,20200815,2
28859,20201226,2
28859,20201224,2
28859,20200815,2
28859,20200624,2
28858,20201226,2
28858,20201101,2
28850,20201226,2
28861,20201225,2
28948,20200815,2
28912,20210216,1
28912,20210101,1
29165,20200624,1
29165,20210101,1
28133,20200501,1
28908,20201224,2
28950,20201224,1
28907,20201101,2
28132,20200706,2
29185,20201101,2
28909,20201224,1
28909,20210101,1
28926,20200706,2
28927,20201226,1
28927,20200815,1
28852,20201226,1
28852,20200501,1
28852,20210101,1
28946,20201225,2
28946,20210101,2
28919,20201225,1
28929,20200706,2
28929,20200501,2
29169,20200501,2
29233,20201101,2
29233,20200815,2
29233,20200501,2
28911,20210216,2
28131,20201226,2
28131,20200501,2
29168,20200706,2
29168,20210216,2
29220,20201101,2
29220,20200706,2
28865,20200706,1
28905,20201224,2
28905,20200706,2
28995,20201226,2
28995,20200501,2
28942,20201101,2
28943,20201226,2
28943,20200624,2
28920,20201225,2
28920,20200706,2
28920,20210216,2
29239,20201226,2
29239,20201225,2
29239,20200501,2
29239,20210216,2
28925,20201225,1
29208,20210101,1
29208,20201225,1
28921,20210216,2
28937,20201226,2
28937,20200815,2
29001,20201226,2
29001,20201225,2
29001,20201101,2
28923,20201225,2
28923,20201101,2
28923,20200624,2
28923,20210101,2
29171,20201226,2
29171,20210216,2
23668,20200501,1
28939,20210216,1
28999,20201224,1
28998,20201224,2
28998,20201101,2
28997,20201226,2
28997,20201224,2
28997,20200624,2
29000,20201226,2
29000,20210216,2
29238,20201226,2
29238,20200624,2
28828,20201224,2
28828,20200624,2
28828,20210216,2
28828,20210101,2
28829,20201226,1
28829,20201225,1
28887,20210216,1
28887,20210101,1
29016,20201225,2
29183,20200501,2
29183,20210216,2
29242,20200706,2
29242,20200501,2
29241,20201225,2
29241,20210216,2
29243,20201225,1
29243,20200815,1
28940,20201225,2
28877,20200706,1
29179,20200501,2
28879,20210101,2
29172,20201226,1
29011,20201224,1
29011,20201101,1
28827,20201224,2
28827,20210216,2
29014,20201226,2
29181,20201226,2
29181,20201101,2
28667,20201101,2
28667,20210101,2
28665,20201225,2
28665,20200501,2
29150,20201226,2
29150,20200501,2
29177,20200501,2
29176,20201225,2
29178,20201224,1
29178,20200501,1
29246,20201101,2
29246,20200624,2
28885,20201226,2
28935,20201101,2
29151,20201226,2
28936,20200706,1
29248,20201226,1
29248,20200501,1
29211,20210216,1
29211,20210101,1
29211,20201226,1
29211,20200815,1
29210,20201226,2
29210,20201224,2
29210,20210101,2
29152,20210101,1
27432,20201224,1
27430,20201225,2
28934,20210216,2
28878,20200815,2
28878,20210101,2
28900,20201226,2
28900,20201225,2
28900,20200815,2
28900,20200624,2
28900,20200501,2
29002,20201224,1
29023,20200624,2
29247,20200706,2
29010,20201101,2
29244,20201225,2
29244,20210216,2
29007,20201225,2
29006,20201224,2
29006,20200706,2
29006,20210101,2
29167,20200815,1
29008,20200815,1
29008,20200624,1
29013,20201101,1
29013,20200706,1
29013,20210216,1
28889,20201225,2
28890,20201101,1
28888,20210101,2
29063,20201224,1
28880,20201226,2
28902,20201226,2
28902,20200815,2
28902,20200501,2
28903,20200706,2
28932,20210101,2
28933,20200624,1
28931,20210101,2
29225,20200624,1
29225,20210216,1
28969,20201101,1
28838,20210101,1
29170,20200706,1
28901,20201226,1
28901,20201224,1
28913,20200706,2
28913,20200501,2
28913,20210216,2
28898,20201101,2
28898,20200624,2
29020,20201101,1
29020,20200706,1
29020,20200501,1
29215,20201224,1
29018,20201226,2
28959,20200706,2
27492,20201224,1
27492,20210101,1
29249,20200501,2
29173,20200501,2
29173,20210101,2
28899,20201226,1
28899,20200706,1
28867,20201101,2
28868,20201226,1
28897,20201226,2
28897,20200815,2
28897,20210216,2
28960,20201225,1
28960,20201224,1
29021,20201225,2
29189,20201224,2
29189,20200624,2
29189,20210216,2
29022,20201225,1
29022,20200501,1
29022,20210101,1
28896,20201101,2
28896,20200815,2
28896,20210216,2
28532,20201225,1
28532,20201224,1
28532,20200706,1
28532,20210216,1
29004,20201226,2
28952,20200501,2
29174,20201225,2
29174,20200815,2
29174,20200501,2
28883,20201101,2
28883,20200815,2
29194,20201225,2
29194,20200815,2
29025,20201226,1
29025,20210101,1
28882,20201226,2
28985,20201224,2
28985,20200815,2
28986,20201226,1
29205,20210216,2
29202,20201224,2
29230,20201101,2
29206,20200815,2
28916,20200815,1
28916,20200624,1
28984,20201101,2
29226,20200501,2
29224,20201224,2
29224,20200501,2
29228,20200815,1
29198,20201225,1
29198,20201224,1
29198,20200624,1
29219,20201225,2
29219,20210101,2
29229,20210101,2
29231,20201225,1
29231,20201101,1
29231,20200706,1
29216,20201226,2
29216,20201225,2
29216,20200815,2
29223,20201101,2
29223,20200501,2
29223,20210216,2
29217,20201101,2
29214,20200815,2
29214,20200624,2
29213,20200501,2
29188,20201225,1
29199,20200706,2
28970,20200501,2
29222,20200706,1
29148,20200624,2
29148,20200501,2
29148,20210101,2
28973,20210101,2
29235,20200501,2
28974,20201226,2
28823,20200815,1
29186,20201226,2
29186,20200815,2
29187,20201224,2
29221,20200815,2
29221,20200501,2
29221,20210101,2
29161,20210216,2
29162,20201101,1
29162,20200624,1
28822,20201226,2
28822,20200815,2
28822,20200624,2
28821,20200815,2
29160,20200624,2
29201,20201224,1
27404,20201226,1
27404,20200815,1
27404,20200501,1
29159,20201225,1
29159,20200706,1
29200,20201225,2
29200,20200501,2
29200,20210216,2
28978,20200501,1
28978,20210216,1
29163,20201225,2
29163,20200706,2
28976,20200706,2
28977,20210101,2
28977,20201224,2
28977,20200624,2
29158,20201224,2
29156,20200624,2
29156,20200501,2
29156,20210216,2
29166,20200624,2
29166,20210101,2
29153,20200815,2
29153,20200706,2
28137,20200706,2
28918,20200624,2
28918,20210216,2
28918,20210101,2
28963,20200624,1
28963,20210216,1
29190,20201224,2
28962,20200706,2
28837,20201225,2
28837,20201101,2
28837,20210101,2
29237,20200706,1
29237,20200501,1
29191,20200501,2
29191,20210101,2
29192,20210216,2
29193,20200624,1
29193,20200501,1
29155,20201225,1
29155,20201224,1
28980,20200624,2
28980,20210101,2
28981,20201225,1
28981,20201224,1
28981,20210216,1
28988,20201225,1
28988,20201101,1
29195,20201224,2
29234,20201224,1
29234,20200815,1
29052,20201226,2
29052,20200501,2
29052,20210101,2
28862,20201226,2
28862,20201225,2
28858,20210216,2
28975,20200624,1
28861,20201224,2
28861,20200815,2
28860,20201224,1
28860,20200706,1
28860,20200624,1
28860,20200501,1
28851,20200501,2
29232,20200815,2
28912,20200815,1
28912,20200624,1
28133,20210216,1
28133,20201224,1
28133,20201101,1
28908,20201225,2
28908,20201101,2
28950,20201226,1
28950,20201225,1
28950,20201101,1
28950,20200501,1
29207,20200706,2
28949,20201226,2
28949,20210216,2
28949,20210101,2
28132,20210216,2
28132,20200815,2
29185,20210216,2
29185,20201225,2
28909,20201226,1
28909,20201225,1
28909,20200706,1
28909,20200501,1
28926,20201226,2
28926,20201101,2
28927,20201225,1
28852,20200706,1
28946,20201224,2
28919,20200706,1
28947,20200501,1
28910,20210101,2
28910,20201101,2
28930,20201224,1
28929,20201226,2
29169,20201224,2
28911,20200501,2
28131,20200706,2
29168,20201225,2
29168,20200815,2
29168,20200624,2
28945,20201225,2
28945,20201101,2
28995,20201225,2
28995,20201224,2
28995,20210216,2
28942,20200815,2
28942,20210216,2
28943,20201101,2
28906,20201225,1
28906,20210216,1
28920,20210101,2
29208,20201224,1
29208,20200815,1
28921,20201225,2
28921,20200815,2
28921,20200706,2
28921,20200624,2
28922,20200815,1
28922,20200624,1
29240,20201226,1
29240,20201225,1
29240,20201101,1
28937,20210101,2
28923,20201226,2
28924,20200815,2
28924,20200501,2
28944,20200624,1
28944,20210216,1
29171,20201225,2
29171,20200815,2
29182,20200624,1
29182,20210216,1
29015,20201101,1
29015,20200706,1
29015,20200624,1
28939,20201101,1
28998,20200624,2
27555,20200706,2
27555,20200501,2
28828,20200706,2
28887,20200624,1
29016,20201101,2
29016,20200815,2
29016,20210101,2
29183,20201226,2
29183,20200706,2
29242,20201225,2
29241,20200706,2
29243,20201101,1
29180,20200706,2
29180,20200501,2
28877,20201225,1
28877,20210216,1
29179,20200815,2
29179,20200624,2
28941,20200624,1
28938,20201226,2
28938,20210216,2
28938,20210101,2
29172,20200706,1
28951,20201101,2
29009,20201225,2
29009,20201101,2
29009,20200624,2
29011,20201226,1
29014,20201225,2
29181,20201225,2
29181,20201224,2
28667,20200815,2
28666,20201226,1
28666,20201225,1
28666,20210101,1
29150,20200624,2
29177,20210101,2
29176,20201224,2
29176,20200706,2
29178,20201101,1
29178,20200815,1
29178,20210101,1
29246,20200706,2
29246,20210101,2
28885,20201225,2
28885,20210216,2
28935,20201224,2
29151,20200815,2
28936,20210101,1
29248,20201224,1
29248,20210216,1
29211,20201224,1
29211,20200706,1
29210,20200815,2
29152,20201226,1
29152,20201224,1
29152,20201101,1
29152,20200501,1
27432,20200706,1
27431,20201225,2
27431,20200706,2
27430,20201101,2
29209,20201226,2
28934,20201225,2
28934,20200501,2
28878,20200501,2
28900,20200706,2
29002,20201101,1
29245,20200815,2
29245,20200624,2
29245,20210216,2
29010,20201225,2
29010,20200706,2
29010,20210101,2
29007,20210216,2
29167,20201101,1
29167,20200501,1
29017,20200815,1
29212,20201225,2
29212,20201224,2
29212,20201101,2
28889,20201224,2
28890,20201226,1
28888,20201225,2
27627,20201226,2
29003,20200815,2
29003,20210216,2
28880,20210216,2
28903,20210216,2
28903,20200624,2
28904,20201225,1
28904,20200815,1
28932,20201225,2
28932,20200706,2
28933,20201225,1
28933,20210101,1
28931,20201226,2
28931,20200706,2
29225,20201225,1
28969,20201225,1
28969,20200624,1
28838,20201225,1
29170,20201225,1
29170,20200501,1
28901,20200706,1
28913,20200624,2
29020,20200624,1
29215,20200624,1
29018,20200706,2
28959,20200501,2
28959,20210216,2
29249,20200815,2
29173,20201101,2
28899,20200815,1
28899,20210216,1
29019,20201225,2
29019,20201224,2
29019,20200624,2
29019,20200501,2
27491,20200624,2
27491,20200501,2
28867,20200815,2
28868,20201224,1
28868,20210101,1
28897,20201101,2
29250,20210101,1
28960,20201226,1
29022,20200815,1
29022,20200706,1
28531,20201101,2
28531,20210216,2
29004,20201225,2
29024,20200624,2
28968,20201225,2
29005,20210216,1
28952,20201226,2
28952,20201101,2
28952,20200815,2
28952,20200706,2
28952,20210101,2
29175,20200815,1
29175,20210101,1
28884,20201225,1
28884,20200815,1
28883,20200624,2
29025,20201225,1
29025,20200501,1
28985,20200624,2
28986,20210216,1
28986,20210101,1
29205,20201226,2
29202,20210101,2
29184,20200706,2
29184,20200624,2
29197,20201226,2
29197,20200501,2
29197,20210101,2
29230,20200815,2
29230,20200624,2
29236,20201226,2
29236,20201101,2
29236,20210216,2
28984,20200624,2
29226,20210216,2
29224,20200815,2
29198,20200706,1
29203,20200706,2
29203,20210101,2
29219,20200624,2
29229,20201225,2
29229,20200815,2
28972,20210216,1
29231,20210101,1
29217,20201226,2
29214,20210101,2
29213,20201101,2
29188,20201224,1
29199,20210101,2
28970,20200815,2
29148,20200815,2
28973,20200815,2
28973,20210216,2
28974,20201225,2
28974,20201224,2
28823,20201226,1
29218,20200706,1
29218,20200624,1
29218,20200501,1
29227,20201224,2
29227,20210101,2
29187,20200815,2
29187,20200706,2
29221,20200706,2
29221,20210216,2
29161,20201224,2
29161,20200624,2
28821,20201226,2
28821,20200501,2
28821,20210216,2
29160,20200815,2
28979,20201225,2
28979,20201101,2
28979,20200815,2
27404,20210101,1
29157,20200815,2
29159,20200624,1
29200,20200815,2
28978,20201101,1
29163,20201226,2
29163,20210101,2
29149,20200706,1
29156,20201101,2
29154,20200706,2
29166,20201101,2
29166,20210216,2
29153,20200501,2
28137,20201224,2
28963,20201225,1
29190,20200706,2
29190,20200624,2
28837,20201224,2
28837,20200706,2
29237,20200624,1
29191,20210216,2
29192,20200815,2
28971,20201101,2
28971,20200501,2
28981,20200815,1
28981,20200706,1
29195,20201226,2
29195,20200624,2
29195,20200501,2
29053,20201226,2
29053,20201101,2
29053,20210101,2
29234,20201226,1
29234,20201225,1
29234,20201101,1
29052,20201225,2
29054,20200501,1
28862,20200706,2
28862,20210101,2
28975,20201224,1
28975,20200815,1
28975,20200501,1
28850,20201224,2
28850,20210101,2
28860,20210101,1
28948,20201225,2
28948,20201101,2
28948,20200706,2
29232,20201225,2
29232,20201224,2
28912,20201225,1
29165,20201224,1
28950,20200624,1
28907,20201226,2
28907,20200624,2
28907,20210216,2
29207,20201101,2
28949,20201101,2
28949,20200706,2
29185,20210101,2
29185,20200706,2
28926,20200624,2
28927,20210216,1
28852,20201225,1
28852,20200815,1
28852,20200624,1
28946,20200501,2
28919,20201226,1
28919,20200501,1
28947,20201224,1
28947,20210216,1
28910,20201225,2
28910,20200624,2
28910,20200501,2
28930,20201226,1
28930,20201225,1
28930,20200624,1
28930,20210101,1
28929,20200624,2
28929,20210216,2
29169,20200706,2
29233,20201226,2
29233,20210216,2
28911,20201225,2
28911,20200624,2
29168,20201226,2
29168,20200501,2
29220,20201226,2
28866,20210216,2
28905,20201226,2
28905,20201101,2
28995,20200815,2
28942,20201224,2
28943,20200501,2
28906,20201101,1
28906,20200501,1
28920,20200624,2
29239,20201101,2
29239,20200815,2
28925,20201101,1
28925,20200706,1
28925,20200624,1
29208,20200706,1
28921,20201101,2
28922,20200501,1
29240,20200815,1
29240,20200501,1
28937,20200501,2
29001,20200501,2
28944,20200501,1
29171,20201101,2
29171,20200624,2
23668,20210101,1
29182,20201225,1
28939,20201224,1
28939,20200815,1
28939,20200624,1
28939,20200501,1
28998,20201226,2
28998,20210101,2
28997,20201101,2
28997,20200501,2
29238,20201101,2
29238,20210101,2
28829,20210216,1
28887,20201101,1
29016,20201226,2
29016,20210216,2
29183,20201225,2
29241,20201226,2
29241,20201224,2
29180,20201224,2
28940,20201101,2
28940,20200501,2
29179,20201225,2
29179,20201101,2
29179,20210216,2
28941,20201225,1
28941,20201224,1
28941,20201101,1
28941,20200815,1
28879,20201101,2
28938,20201225,2
29172,20201224,1
28951,20201225,2
28886,20210101,2
28886,20201101,2
28886,20210216,2
29009,20200706,2
29011,20200624,1
29011,20200501,1
29011,20210101,1
28827,20200624,2
29181,20200624,2
28667,20201225,2
28665,20201226,2
28665,20200706,2
28666,20200706,1
29177,20200706,2
29176,20201101,2
29176,20210101,2
29246,20201226,2
29246,20201225,2
29246,20200815,2
28885,20200624,2
28935,20201225,2
28935,20200706,2
28935,20210216,2
29151,20201224,2
29151,20201101,2
28936,20201225,1
28936,20201101,1
29248,20201225,1
29152,20200815,1
27432,20210101,1
27430,20201226,2
27430,20200624,2
27430,20200501,2
29002,20201226,1
29002,20210216,1
29023,20201101,2
29023,20200706,2
29023,20210216,2
29245,20210101,2
29007,20200815,2
29006,20200501,2
29167,20200624,1
29167,20210216,1
29017,20210216,1
29017,20210101,1
29008,20200501,1
29013,20200815,1
28889,20201226,2
28889,20200501,2
28890,20201225,1
28890,20200706,1
28890,20210216,1
28888,20200624,2
27627,20210101,2
29003,20201226,2
29063,20201101,1
29063,20200624,1
28880,20200815,2
28902,20201224,2
28904,20200706,1
28904,20200501,1
28932,20200815,2
28933,20200815,1
28933,20210216,1
28931,20200815,2
28931,20200624,2
29225,20201224,1
28838,20201226,1
28838,20201101,1
28838,20200815,1
28838,20200501,1
29170,20201101,1
28901,20200624,1
28913,20201226,2
28898,20201224,2
28898,20200706,2
29020,20201224,1
29018,20201225,2
29018,20200815,2
28959,20201101,2
28959,20200624,2
27492,20201101,1
27492,20200624,1
29249,20200706,2
29249,20200624,2
28914,20201225,1
28914,20201101,1
28914,20200815,1
28914,20200501,1
28914,20210101,1
29019,20201226,2
29019,20200815,2
29019,20210216,2
28867,20200501,2
29021,20200706,2
29189,20200706,2
29189,20210101,2
29022,20201224,1
29022,20210216,1
28896,20201224,2
29004,20200706,2
29004,20200624,2
29024,20201101,2
29024,20200706,2
28968,20200706,2
28968,20210101,2
29005,20201225,1
28952,20201224,2
29175,20200706,1
28884,20201224,1
28884,20200706,1
29174,20201101,2
29174,20210101,2
29194,20201224,2
29194,20201101,2
29194,20210101,2
28882,20201101,2
28985,20201226,2
28986,20200624,1
29205,20201224,2
29184,20201224,2
29184,20200815,2
29197,20201101,2
29230,20200706,2
29230,20210101,2
29236,20201224,2
29236,20200706,2
29204,20200815,1
29204,20200624,1
29204,20210101,1
29206,20201225,2
29206,20201224,2
28916,20201226,1
29226,20200815,2
29198,20200501,1
29203,20200815,2
29219,20200501,2
29147,20210101,2
29229,20201101,2
29229,20200706,2
28972,20200706,1
28972,20200501,1
29231,20201224,1
29231,20201226,1
29231,20200501,1
29231,20210216,1
28987,20201101,2
28987,20200706,2
28987,20200624,2
29223,20201226,2
29223,20200815,2
29223,20200706,2
29217,20200815,2
29213,20210216,2
29188,20210216,1
29199,20200624,2
29222,20201226,1
29222,20201224,1
29222,20210216,1
29148,20201224,2
29148,20200706,2
28973,20200501,2
29235,20200815,2
29235,20201226,2
29235,20201224,2
28974,20200624,2
28823,20201224,1
29218,20201101,1
29218,20210101,1
29186,20200624,2
29186,20200501,2
29227,20201101,2
29187,20210101,2
29221,20201226,2
29162,20201225,1
29162,20201224,1
28822,20201101,2
28822,20200706,2
28822,20210216,2
29160,20201101,2
29201,20210216,1
27404,20200624,1
29157,20201225,2
29157,20210101,2
29159,20210101,1
29200,20200624,2
28978,20200815,1
28978,20200706,1
29163,20201101,2
29163,20210216,2
29149,20201226,1
28976,20201226,2
28976,20200815,2
28976,20210216,2
28977,20201225,2
29158,20200815,2
29154,20201225,2
29154,20210101,2
29164,20201226,2
29166,20201226,2
29166,20200706,2
29153,20210216,2
28137,20201226,2
28137,20210101,2
28918,20201224,2
28918,20200501,2
28963,20201224,1
28963,20200706,1
29190,20200815,2
29190,20201226,2
29190,20201101,2
29237,20210101,1
29191,20201224,2
29191,20200815,2
29191,20200706,2
29192,20201226,2
29192,20201101,2
29193,20201101,1
29193,20200815,1
29155,20200501,1
28980,20200501,2
28980,20210216,2
28981,20210101,1
28988,20200815,1
29196,20201226,1
29196,20201225,1
29196,20200815,1
29196,20210216,1
29195,20200815,2
29053,20201224,2
29053,20200815,2
29053,20200501,2
29234,20200706,1
29234,20200501,1
29052,20201101,2
29054,20210216,1
28862,20200624,2
28862,20210216,2
28863,20200706,1
28863,20210216,1
28859,20200501,2
28858,20201225,2
28858,20201224,2
28975,20201226,1
28850,20201101,2
28850,20200706,2
28850,20210216,2
28861,20201226,2
28861,20200501,2
28860,20210216,1
28851,20201225,2
28851,20201224,2
29232,20210216,2
28912,20201101,1
29165,20201101,1
29165,20210216,1
28133,20200815,1
28133,20200624,1
28908,20201226,2
28908,20200624,2
28907,20200815,2
29207,20201224,2
29207,20200501,2
29207,20210101,2
28949,20201224,2
28132,20201226,2
28132,20201224,2
28132,20210101,2
29185,20200624,2
28909,20200815,1
28852,20201101,1
28852,20210216,1
28919,20201101,1
28947,20201225,1
28910,20201224,2
28910,20200706,2
28930,20201101,1
29169,20201101,2
29233,20200706,2
28911,20201224,2
28131,20210216,2
28131,20201224,2
29168,20201224,2
29168,20201101,2
29220,20210101,2
28865,20201101,1
28865,20210216,1
28865,20210101,1
28864,20201101,2
28864,20200706,2
28864,20200624,2
28864,20210216,2
28866,20201225,2
28995,20200706,2
28943,20200706,2
28906,20200815,1
28906,20200706,1
28920,20201101,2
28925,20210216,1
29208,20201226,1
28921,20200501,2
28922,20201225,1
28922,20200706,1
29240,20201224,1
29240,20210101,1
28937,20201224,2
28937,20210216,2
28923,20200501,2
28924,20200624,2
28944,20201226,1
23668,20201224,1
23668,20200815,1
29182,20201224,1
29182,20201101,1
29182,20200706,1
29182,20200501,1
29015,20210101,1
28999,20201225,1
28998,20200706,2
27555,20201224,2
27555,20210216,2
28997,20210216,2
28997,20210101,2
29000,20201225,2
29000,20200706,2
29000,20200624,2
29238,20200706,2
28828,20201225,2
28829,20201224,1
28829,20201101,1
28829,20200501,1
28887,20201225,1
28887,20201224,1
29016,20200706,2
29183,20201101,2
29242,20200624,2
29242,20210216,2
29241,20200815,2
29243,20200624,1
28877,20201226,1
29179,20201226,2
29179,20201224,2
29179,20200706,2
29179,20210101,2
28941,20210216,1
28879,20201224,2
28879,20200706,2
28938,20201101,2
28938,20200706,2
29172,20200815,1
29172,20200624,1
28886,20200815,2
29009,20200815,2
29009,20200501,2
29011,20200706,1
29011,20210216,1
28827,20200501,2
29014,20201224,2
29014,20200815,2
29014,20200624,2
29014,20200501,2
29181,20200501,2
29181,20210216,2
28667,20210216,2
28667,20200706,2
28665,20201224,2
28666,20201224,1
28666,20200815,1
28666,20200501,1
29150,20201224,2
29150,20210101,2
29177,20200624,2
29246,20201224,2
28885,20210101,2
28935,20200624,2
28935,20210101,2
28936,20201226,1
28936,20200815,1
28936,20200624,1
28936,20200501,1
29248,20201101,1
29248,20210101,1
29210,20200706,2
29210,20210216,2
27432,20201226,1
27431,20201226,2
27431,20201224,2
27431,20200624,2
27431,20200501,2
27430,20210101,2
29209,20201101,2
28934,20201226,2
28878,20201225,2
28900,20201101,2
28900,20210216,2
28900,20210101,2
29002,20210101,1
29023,20200501,2
29245,20201224,2
29245,20201101,2
29247,20200815,2
29247,20200501,2
29247,20210216,2
29247,20210101,2
29010,20200624,2
29010,20200501,2
29010,20210216,2
29244,20200706,2
29244,20200501,2
29007,20210101,2
29006,20200815,2
29006,20210216,2
29167,20210101,1
29017,20201224,1
29008,20201225,1
29008,20201101,1
29008,20200706,1
29212,20200706,2
28889,20210216,2
28889,20210101,2
28890,20201224,1
27627,20200706,2
27627,20200624,2
27627,20200501,2
29003,20201225,2
29003,20210101,2
29063,20201226,1
29063,20200501,1
28880,20201224,2
28902,20201101,2
28902,20200624,2
28904,20210216,1
28932,20201101,2
28932,20200624,2
28931,20200501,2
28931,20210216,2
29225,20200815,1
28969,20201224,1
28969,20200501,1
28969,20210216,1
28838,20201224,1
29170,20201224,1
28898,20201225,2
28898,20200815,2
29020,20201225,1
29020,20210101,1
29215,20201226,1
29018,20201224,2
29018,20200501,2
29018,20210101,2
28959,20201226,2
27492,20201225,1
29249,20201226,2
29249,20210101,2
28914,20210216,1
28899,20210101,1
29019,20200706,2
29019,20210101,2
28867,20200706,2
28868,20200624,1
28897,20201225,2
28897,20200501,2
29250,20201226,1
29250,20201101,1
29250,20200624,1
28960,20210101,1
29021,20201226,2
29021,20200624,2
29021,20210216,2
29021,20210101,2
28881,20201226,1
28881,20201224,1
28881,20200624,1
28896,20201226,2
28896,20200624,2
28896,20200501,2
28896,20210101,2
28531,20201226,2
28531,20200815,2
28532,20201226,1
28532,20200815,1
28532,20200624,1
28532,20210101,1
29004,20201224,2
29004,20200815,2
29024,20210101,2
28968,20200624,2
28968,20200501,2
29005,20201226,1
29005,20200624,1
28884,20200501,1
28884,20210101,1
29174,20200706,2
29174,20210216,2
28883,20201226,2
28883,20210216,2
29025,20201224,1
29025,20200624,1
28882,20201225,2
28985,20201101,2
28986,20201224,1
28986,20200815,1
28986,20200706,1
29205,20201225,2
29202,20201101,2
29202,20200815,2
29184,20200501,2
29236,20201225,2
29206,20200501,2
28984,20200706,2
28984,20200501,2
28984,20210216,2
29226,20201224,2
29198,20201226,1
29203,20201226,2
29203,20201225,2
29219,20201226,2
29229,20201226,2
29229,20210216,2
28972,20201224,1
28972,20201101,1
28972,20200815,1
28987,20201226,2
29216,20200706,2
29223,20210101,2
29217,20200501,2
29217,20210216,2
29214,20201225,2
29214,20200706,2
29213,20201224,2
29213,20200706,2
29213,20200624,2
29188,20200624,1
29188,20200501,1
28970,20200706,2
29222,20201225,1
28973,20201224,2
28973,20200624,2
28974,20210216,2
28823,20201101,1
28823,20200501,1
29218,20201224,1
29218,20200815,1
29186,20201101,2
29227,20200501,2
29227,20210216,2
29161,20201225,2
29161,20200501,2
29162,20200706,1
29162,20200501,1
28821,20201225,2
29160,20210216,2
29160,20210101,2
27403,20201226,2
27403,20201225,2
27403,20201101,2
27404,20201225,1
29157,20201226,2
29157,20200706,2
29157,20200624,2
29157,20210216,2
28978,20201225,1
28978,20210101,1
29149,20201224,1
29149,20200624,1
29149,20210101,1
28976,20201101,2
28976,20210101,2
28977,20200501,2
29158,20201225,2
29158,20200624,2
29158,20210101,2
29156,20201224,2
29154,20201101,2
29164,20201225,2
29166,20201225,2
29166,20201224,2
29153,20201101,2
28918,20201226,2
28918,20201101,2
28963,20200815,1
29190,20210216,2
29190,20201225,2
28962,20210101,2
28837,20200624,2
28837,20200501,2
29237,20201225,1
29192,20200624,2
29192,20200501,2
29193,20210216,1
29193,20201226,1
29193,20201225,1
29155,20201101,1
28971,20201224,2
28971,20210216,2
28971,20210101,2
28980,20201225,2
28980,20200706,2
28981,20201101,1
28988,20200706,1
28988,20210216,1
28988,20210101,1
29196,20201224,1
29196,20210101,1
29195,20210216,2
29053,20201225,2
29053,20200706,2
29234,20210101,1
29052,20200624,2
29052,20210216,2
29054,20201224,1
28862,20201224,2
28862,20201101,2
28863,20200815,1
28859,20201101,2
28859,20210216,2
28858,20200706,2
28858,20210101,2
28975,20201225,1
28975,20210101,1
28861,20201101,2
28861,20200624,2
28861,20210216,2
28860,20201101,1
28851,20210216,2
28948,20200624,2
28948,20200501,2
28948,20210101,2
29232,20200706,2
29232,20200624,2
29165,20201226,1
29165,20200815,1
28908,20200815,2
28907,20201225,2
29207,20201225,2
29207,20200815,2
28132,20201225,2
29185,20201224,2
28926,20201224,2
28926,20200501,2
28926,20210216,2
28946,20200815,2
28946,20210216,2
28919,20200815,1
28919,20200624,1
28919,20210216,1
28947,20200624,1
28930,20200706,1
28929,20201224,2
28929,20200815,2
29169,20201226,2
29169,20200815,2
29169,20210216,2
29233,20200624,2
28911,20201226,2
28911,20201101,2
29220,20201225,2
29220,20210216,2
28865,20201226,1
28864,20201226,2
28864,20201225,2
28864,20201224,2
28864,20210101,2
28866,20201101,2
28866,20200815,2
28866,20200624,2
28866,20210101,2
28905,20200501,2
28995,20201101,2
28942,20201226,2
28942,20201225,2
28942,20200501,2
28906,20201226,1
29239,20201224,2
29239,20210101,2
28925,20200815,1
29208,20200501,1
29001,20200624,2
28923,20200815,2
28923,20210216,2
23668,20201101,1
29015,20201226,1
29015,20200501,1
28939,20200706,1
28939,20210101,1
28999,20201101,1
28998,20201225,2
28997,20201225,2
28997,20200815,2
28829,20200706,1
28829,20210101,1
29016,20201224,2
29016,20200624,2
29183,20201224,2
29183,20200815,2
29241,20200501,2
29241,20210101,2
29243,20201224,1
29243,20210216,1
29243,20210101,1
28877,20201224,1
28877,20201101,1
28877,20200815,1
28941,20210101,1
28879,20200815,2
28879,20210216,2
29172,20210216,1
29172,20201225,1
28951,20201224,2
28951,20200815,2
28951,20200706,2
28951,20210216,2
28951,20210101,2
28886,20201225,2
29009,20210101,2
28827,20201101,2
28827,20200815,2
29014,20210101,2
29181,20200706,2
28667,20201226,2
29150,20201101,2
29177,20201224,2
29177,20200815,2
29177,20210216,2
29176,20200815,2
29176,20200501,2
29176,20210216,2
29248,20200815,1
29211,20201225,1
29211,20201101,1
29211,20200501,1
29210,20201101,2
27432,20201225,1
27432,20200624,1
27431,20201101,2
27430,20201224,2
28934,20201224,2
28934,20200624,2
29002,20200706,1
29002,20200624,1
29002,20200501,1
29023,20210101,2
29245,20201225,2
29245,20200501,2
29247,20201226,2
29244,20201226,2
29244,20200815,2
29007,20200501,2
29006,20201225,2
29006,20201101,2
29167,20201226,1
29167,20200706,1
29008,20201224,1
29013,20201226,1
29013,20201225,1
29013,20201224,1
28889,20200624,2
28890,20200501,1
28890,20210101,1
28888,20201224,2
27627,20201224,2
27627,20200815,2
29063,20200815,1
28880,20201225,2
28902,20210101,2
28933,20201101,1
29225,20201101,1
28969,20200706,1
29170,20210101,1
28901,20200815,1
28901,20200501,1
28901,20210216,1
29020,20200815,1
29215,20201101,1
29018,20201101,2
28959,20201224,2
29249,20201225,2
28914,20200706,1
28899,20201224,1
28899,20200624,1
27491,20201225,2
27491,20200815,2
28867,20201226,2
28867,20201225,2
28867,20200624,2
28868,20201225,1
28897,20201224,2
28897,20200624,2
29250,20201224,1
29021,20200501,2
28881,20200706,1
28531,20201224,2
28531,20200706,2
28531,20200624,2
28531,20210101,2
28532,20200501,1
29024,20201225,2
29024,20201224,2
29024,20200815,2
29005,20201224,1
29005,20200815,1
28884,20210216,1
29174,20201226,2
28883,20201224,2
28883,20200501,2
29194,20200624,2
29194,20210216,2
29025,20210216,1
28882,20200706,2
28985,20201225,2
28986,20201225,1
28986,20200501,1
29205,20210101,2
29184,20201226,2
29204,20201224,1
29206,20201226,2
29206,20200706,2
29206,20200624,2
28916,20200706,1
28916,20210101,1
28984,20201226,2
28984,20201224,2
29226,20200624,2
29224,20210216,2
29228,20200501,1
29198,20210216,1
29219,20201101,2
29147,20201224,2
29147,20201101,2
29147,20200706,2
29229,20200624,2
28972,20201225,1
28972,20200624,1
28972,20210101,1
28987,20200815,2
28987,20210216,2
29216,20201224,2
29216,20210216,2
29216,20210101,2
29217,20201224,2
29217,20200624,2
29214,20201101,2
29214,20200501,2
29214,20210216,2
29199,20201224,2
29199,20200815,2
28970,20200624,2
28970,20210216,2
29222,20201101,1
29148,20201101,2
28974,20200501,2
28974,20210101,2
28823,20201225,1
28823,20200706,1
28823,20200624,1
29218,20201226,1
29186,20201225,2
29227,20200706,2
29187,20201225,2
29221,20200624,2
29162,20210101,1
28822,20200501,2
29160,20200706,2
28979,20200706,2
28979,20210101,2
29201,20201226,1
29201,20200706,1
29201,20200624,1
27403,20210101,2
27403,20200706,2
29157,20200501,2
29159,20210216,1
29163,20200815,2
29149,20201225,1
29149,20200501,1
28976,20200501,2
28977,20210216,2
29156,20201226,2
29156,20201225,2
29154,20210216,2
29164,20210216,2
29153,20201225,2
29153,20201224,2
29153,20200624,2
28963,20201226,1
28962,20201226,2
29237,20201226,1
29237,20210216,1
29191,20201225,2
29191,20201101,2
29155,20200624,1
29155,20210101,1
28971,20201225,2
28971,20200624,2
28980,20201101,2
28988,20201226,1
29052,20200815,2
29054,20201226,1
29054,20200815,1
29054,20210101,1
28863,20201226,1
28863,20200501,1
28863,20210101,1
28859,20210101,2
28975,20210216,1
28850,20200815,2
28861,20210101,2
28851,20200815,2
28851,20200706,2
28851,20210101,2
28948,20201224,2
28133,20201225,1
28133,20210101,1
28133,20200706,1
28908,20210101,2
28950,20200815,1
28950,20200706,1
28950,20210216,1
28950,20210101,1
28907,20201224,2
28949,20200501,2
28132,20200501,2
28927,20200501,1
28946,20200706,2
28947,20200706,1
28910,20210216,2
28910,20201226,2
28930,20200815,1
28929,20201101,2
29233,20201224,2
29220,20201224,2
29220,20200815,2
29220,20200501,2
28945,20201226,2
28945,20200624,2
28945,20200501,2
28865,20200815,1
28864,20200815,2
28866,20201226,2
28866,20201224,2
28905,20201225,2
28905,20200624,2
28995,20200624,2
28942,20200624,2
28943,20200815,2
28943,20210216,2
28906,20210101,1
28920,20200501,2
29239,20200706,2
28925,20201224,1
29208,20200624,1
28921,20201226,2
28922,20210216,1
29240,20200706,1
28937,20201101,2
28937,20200624,2
29001,20210216,2
28924,20201226,2
28924,20201225,2
28924,20200706,2
28924,20210216,2
28944,20201224,1
28944,20201101,1
28944,20210101,1
29171,20201224,2
29171,20200706,2
29015,20201224,1
28939,20201226,1
28939,20201225,1
28999,20201226,1
28999,20200706,1
28998,20200501,2
27555,20201225,2
27555,20210101,2
27555,20201101,2
27555,20200624,2
28997,20200706,2
29000,20200501,2
29000,20210101,2
29238,20200501,2
28828,20200815,2
28828,20200501,2
28829,20200815,1
28829,20200624,1
28887,20200501,1
29016,20200501,2
29242,20201101,2
29241,20200624,2
29243,20200706,1
29180,20201225,2
29180,20200815,2
29180,20210216,2
28940,20201224,2
28940,20200706,2
28940,20210101,2
28877,20200624,1
28879,20201225,2
28879,20200501,2
28938,20200815,2
28938,20200624,2
29172,20201101,1
28886,20201226,2
28886,20200706,2
29009,20201226,2
29009,20201224,2
28827,20201225,2
28827,20210101,2
29181,20200815,2
28667,20201224,2
28667,20200624,2
28665,20210216,2
28665,20200624,2
28666,20201101,1
29150,20200706,2
29176,20201226,2
29176,20200624,2
29178,20201225,1
29178,20200624,1
28885,20201224,2
28885,20200706,2
28935,20201226,2
29151,20201225,2
29151,20200501,2
29151,20210101,2
28936,20201224,1
28936,20210216,1
29248,20200706,1
29211,20200624,1
29210,20201225,2
29152,20201225,1
29152,20210216,1
27432,20210216,1
27432,20201101,1
27432,20200501,1
27430,20200706,2
29209,20201225,2
29209,20200815,2
29209,20200624,2
29209,20200501,2
28934,20200815,2
28878,20200706,2
29002,20200815,1
29023,20201225,2
29023,20201224,2
29247,20201225,2
29010,20201224,2
29010,20200815,2
29244,20201224,2
29244,20210101,2
29167,20201224,1
29017,20201226,1
29017,20201225,1
29017,20201101,1
29017,20200706,1
29008,20210216,1
29013,20200501,1
29013,20210101,1
29212,20200815,2
29212,20200624,2
29212,20200501,2
29212,20210216,2
28889,20200706,2
28890,20200815,1
28888,20200501,2
27627,20210216,2
29003,20201101,2
29003,20200706,2
29003,20200624,2
29003,20200501,2
29063,20210216,1
28880,20200706,2
28880,20200624,2
28880,20200501,2
28902,20201225,2
28902,20210216,2
28903,20201226,2
28903,20201101,2
28904,20201226,1
28904,20201224,1
28904,20201101,1
28933,20201226,1
28933,20200706,1
28931,20201224,2
28931,20201101,2
28969,20201226,1
28838,20200706,1
28838,20210216,1
28913,20201224,2
28913,20201101,2
28913,20200815,2
28913,20210101,2
28898,20201226,2
28898,20210216,2
28898,20210101,2
29020,20201226,1
29215,20200815,1
29215,20210216,1
29215,20210101,1
29018,20200624,2
29018,20210216,2
28959,20201225,2
28959,20200815,2
27492,20201226,1
27492,20210216,1
27492,20200501,1
28914,20201226,1
28914,20201224,1
29173,20200624,2
29173,20210216,2
28899,20200501,1
29019,20201101,2
27491,20210101,2
27491,20210216,2
27491,20200706,2
28867,20201224,2
28867,20210101,2
28868,20200815,1
28868,20200706,1
28868,20210216,1
28897,20200706,2
28897,20210101,2
29250,20200501,1
28960,20200706,1
29189,20201226,2
29189,20201225,2
29189,20201101,2
28881,20200815,1
28896,20200706,2
28531,20200501,2
28532,20201101,1
29004,20201101,2
29004,20200501,2
29004,20210216,2
29024,20201226,2
29005,20200706,1
29175,20201225,1
29175,20201224,1
29175,20201101,1
29175,20200624,1
28884,20201226,1
29174,20201224,2
29174,20200624,2
28883,20201225,2
28883,20210101,2
29194,20201226,2
29194,20200706,2
29194,20200501,2
29025,20200815,1
28882,20200815,2
28882,20200624,2
28985,20200501,2
28985,20210101,2
28986,20201101,1
29202,20201226,2
29202,20201225,2
29202,20200624,2
29202,20210216,2
29184,20201101,2
29197,20201225,2
29197,20200624,2
29230,20201226,2
29230,20201225,2
29230,20200501,2
29230,20210216,2
29236,20200815,2
29204,20210216,1
29206,20201101,2
29206,20210101,2
28916,20201101,1
28916,20200501,1
28984,20200815,2
29226,20201226,2
29226,20201225,2
29224,20201225,2
29224,20201101,2
29224,20200706,2
29224,20210101,2
29228,20201225,1
29228,20200624,1
29228,20210101,1
29203,20201224,2
29203,20200624,2
29203,20200501,2
29219,20200706,2
29219,20210216,2
29147,20201226,2
29147,20200624,2
29229,20201224,2
29229,20200501,2
29231,20200815,1
29231,20200624,1
28987,20201224,2
28987,20210101,2
29216,20200624,2
29216,20200501,2
29223,20201225,2
29223,20200624,2
29217,20201225,2
29217,20210101,2
29213,20201225,2
29188,20201101,1
29188,20200706,1
29188,20210101,1
29199,20201226,2
29199,20201225,2
28970,20201226,2
29222,20200501,1
29148,20210216,2
29148,20201226,2
28973,20200706,2
29235,20201225,2
29235,20200706,2
29235,20210216,2
28974,20201101,2
28974,20200815,2
28823,20210101,1
29218,20210216,1
29186,20210216,2
29227,20200815,2
29187,20210216,2
29161,20200706,2
29162,20200815,1
28822,20201225,2
28822,20210101,2
28821,20201224,2
28821,20200706,2
29160,20201225,2
28979,20201224,2
28979,20200501,2
29201,20201225,1
27404,20201101,1
27404,20200706,1
29157,20201224,2
29157,20201101,2
29159,20201101,1
29200,20201224,2
29200,20201101,2
29200,20210101,2
28978,20201226,1
28978,20201224,1
29163,20201224,2
29149,20201101,1
29149,20210216,1
28976,20201225,2
28976,20201224,2
28977,20200815,2
29156,20200706,2
29154,20200501,2
29164,20210101,2
29166,20200501,2
28137,20201225,2
28137,20210216,2
28137,20201101,2
28918,20200706,2
29237,20201101,1
29237,20200815,1
29192,20210101,2
29155,20200815,1
29155,20200706,1
28971,20201226,2
28971,20200706,2
28980,20200815,2
28981,20201226,1
29195,20201225,2
29195,20201101,2
29052,20200706,2
29054,20201225,1
28862,20200501,2
28863,20201225,1
28863,20201224,1
28858,20200815,2
28858,20200501,2
28975,20200706,1
28861,20200706,2
28860,20201226,1
28860,20201225,1
28851,20200624,2
29232,20201226,2
29232,20201101,2
29232,20200501,2
29232,20210101,2
28912,20201226,1
29165,20200706,1
29165,20200501,1
28908,20200706,2
28908,20210216,2
28907,20200501,2
29207,20201226,2
29207,20200624,2
28949,20200624,2
29185,20201226,2
29185,20200815,2
28909,20200624,1
28926,20201225,2
28927,20201224,1
28927,20201101,1
28927,20200706,1
28927,20200624,1
28852,20201224,1
28946,20201226,2
28946,20200624,2
28919,20210101,1
28947,20201226,1
28947,20201101,1
28947,20200815,1
28947,20210101,1
28910,20200815,2
28930,20200501,1
28930,20210216,1
28929,20201225,2
29169,20201225,2
29233,20201225,2
29233,20210101,2
28911,20200815,2
28911,20210101,2
28131,20201225,2
28131,20200624,2
28131,20201101,2
28945,20201224,2
28945,20200815,2
28945,20210101,2
28865,20200624,1
28865,20200501,1
28864,20200501,2
28866,20200706,2
28905,20200815,2
28905,20210216,2
28995,20210101,2
28920,20201226,2
28925,20201226,1
28925,20200501,1
29208,20201101,1
29208,20210216,1
28921,20201224,2
28922,20201224,1
29240,20200624,1
29240,20210216,1
28937,20201225,2
28937,20200706,2
29001,20200706,2
28923,20201224,2
28924,20201224,2
28924,20210101,2
29171,20210101,2
23668,20201226,1
23668,20200624,1
29182,20200815,1
29182,20210101,1
29015,20200815,1
29015,20210216,1
28999,20200815,1
28999,20200624,1
28999,20200501,1
28999,20210216,1
28998,20200815,2
28998,20210216,2
29238,20201224,2
28828,20201101,2
28887,20200815,1
29183,20210101,2
29242,20200815,2
29243,20200501,1
29180,20201226,2
29180,20201101,2
29180,20200624,2
29180,20210101,2
28941,20201226,1
28879,20200624,2
28938,20200501,2
28951,20200501,2
28886,20200624,2
29014,20200706,2
28667,20200501,2
28665,20201101,2
28666,20210216,1
29150,20201225,2
29177,20201226,2
29178,20200706,1
29246,20200501,2
29246,20210216,2
28885,20201101,2
29151,20200706,2
29151,20200624,2
29248,20200624,1
29210,20200501,2
27430,20210216,2
29209,20210216,2
28934,20201101,2
28934,20200706,2
28878,20201226,2
28878,20201224,2
28900,20201224,2
29023,20200815,2
29247,20200624,2
29244,20200624,2
29007,20201226,2
29017,20200624,1
29017,20200501,1
29212,20210101,2
28889,20201101,2
28889,20200815,2
28890,20200624,1
28888,20201101,2
28888,20200815,2
28888,20200706,2
28888,20210216,2
27627,20201225,2
29063,20200706,1
29063,20210101,1
28880,20210101,2
28902,20200706,2
28903,20210101,2
28903,20201225,2
28903,20201224,2
28903,20200815,2
28932,20201224,2
28932,20200501,2
28932,20210216,2
28931,20201225,2
29225,20201226,1
29225,20210101,1
29170,20200624,1
28901,20201225,1
28901,20201101,1
28913,20201225,2
29020,20210216,1
29215,20200706,1
29215,20200501,1
28959,20210101,2
29249,20210216,2
28914,20200624,1
29173,20201225,2
28899,20201225,1
27491,20201224,2
28867,20210216,2
28868,20201101,1
29250,20200815,1
29250,20200706,1
28960,20200501,1
29021,20201224,2
29021,20200815,2
29189,20200501,2
29022,20201226,1
29022,20200624,1
28881,20201225,1
28881,20201101,1
28881,20210101,1
28896,20201225,2
29024,20200501,2
29024,20210216,2
28968,20210216,2
28968,20201101,2
29005,20201101,1
28952,20201225,2
28952,20200624,2
29175,20210216,1
28884,20201101,1
28884,20200624,1
28883,20200706,2
29025,20200706,1
28882,20201224,2
28882,20210101,2
28985,20210216,2
